CSR 5000	0.005	3.73687
COO 5000	0.005	3.76559
CSR 5000	0.01	3.74863
COO 5000	0.01	3.76912
CSR 5000	0.015	3.80471
COO 5000	0.015	3.81593
CSR 5000	0.02	3.78564
COO 5000	0.02	3.81512
CSR 5000	0.005	3.71790
COO 5000	0.005	3.72635
CSR 5000	0.01	3.79609
COO 5000	0.01	3.76135
CSR 5000	0.015	3.79732
COO 5000	0.015	3.76385
CSR 5000	0.02	3.83631
COO 5000	0.02	3.81344
CSR 5000	0.005	3.75299
COO 5000	0.005	3.71615
CSR 5000	0.01	3.76147
COO 5000	0.01	3.75024
CSR 5000	0.015	3.80100
COO 5000	0.015	3.77701
CSR 5000	0.02	3.81490
COO 5000	0.02	3.79507
CSR 5000	0.005	3.79123
COO 5000	0.005	3.73849
CSR 5000	0.01	3.76459
COO 5000	0.01	3.74025
CSR 5000	0.015	3.79278
COO 5000	0.015	3.77054
CSR 5000	0.02	3.81193
COO 5000	0.02	3.83812
CSR 5000	0.005	3.78160
COO 5000	0.005	3.72086
CSR 5000	0.01	3.77049
COO 5000	0.01	3.75602
CSR 5000	0.015	3.77263
COO 5000	0.015	3.79583
CSR 5000	0.02	3.81883
COO 5000	0.02	3.78861
CSR 5000	0.005	3.75570
COO 5000	0.005	3.75498
CSR 5000	0.01	3.76696
COO 5000	0.01	3.75706
CSR 5000	0.015	3.78772
COO 5000	0.015	3.79506
CSR 5000	0.02	3.79822
COO 5000	0.02	3.80628
CSR 5000	0.005	3.77855
COO 5000	0.005	3.72374
CSR 5000	0.01	3.78775
COO 5000	0.01	3.75673
CSR 5000	0.015	3.81561
COO 5000	0.015	3.79183
CSR 5000	0.02	3.80300
COO 5000	0.02	3.79631
CSR 5000	0.005	3.75826
COO 5000	0.005	3.74017
CSR 5000	0.01	3.76938
COO 5000	0.01	3.74122
CSR 5000	0.015	3.80955
COO 5000	0.015	3.79513
CSR 5000	0.02	3.81649
COO 5000	0.02	3.82252
CSR 5000	0.005	3.80174
COO 5000	0.005	3.72607
CSR 5000	0.01	3.77175
COO 5000	0.01	3.74725
CSR 5000	0.015	3.80931
COO 5000	0.015	3.77412
CSR 5000	0.02	3.80241
COO 5000	0.02	3.79901
CSR 5000	0.005	3.77146
COO 5000	0.005	3.72171
CSR 5000	0.01	3.80442
COO 5000	0.01	3.78268
CSR 5000	0.015	3.79302
COO 5000	0.015	3.77133
CSR 5000	0.02	3.84013
COO 5000	0.02	3.79270
CSR 7000	0.005	7.36009
COO 7000	0.005	7.29298
CSR 7000	0.01	7.56533
COO 7000	0.01	7.50973
CSR 7000	0.015	7.42507
COO 7000	0.015	7.41463
CSR 7000	0.02	7.51831
COO 7000	0.02	7.42869
CSR 7000	0.005	7.40201
COO 7000	0.005	7.30366
CSR 7000	0.01	7.44282
COO 7000	0.01	7.41809
CSR 7000	0.015	7.38174
COO 7000	0.015	7.40508
CSR 7000	0.02	7.48764
COO 7000	0.02	7.47503
CSR 7000	0.005	7.39570
COO 7000	0.005	7.26407
CSR 7000	0.01	7.35103
COO 7000	0.01	7.36664
CSR 7000	0.015	7.38329
COO 7000	0.015	7.40406
CSR 7000	0.02	7.39629
COO 7000	0.02	7.45334
CSR 7000	0.005	7.46788
COO 7000	0.005	7.33822
CSR 7000	0.01	7.41637
COO 7000	0.01	7.36795
CSR 7000	0.015	7.74101
COO 7000	0.015	7.49214
CSR 7000	0.02	7.43587
COO 7000	0.02	7.43570
CSR 7000	0.005	7.40953
COO 7000	0.005	7.30937
CSR 7000	0.01	7.37063
COO 7000	0.01	7.34141
CSR 7000	0.015	7.35312
COO 7000	0.015	7.43355
CSR 7000	0.02	7.48137
COO 7000	0.02	7.45043
CSR 7000	0.005	7.39330
COO 7000	0.005	7.34400
CSR 7000	0.01	7.37194
COO 7000	0.01	7.32694
CSR 7000	0.015	7.53034
COO 7000	0.015	7.45615
CSR 7000	0.02	7.51178
COO 7000	0.02	7.51350
CSR 7000	0.005	7.40069
COO 7000	0.005	7.30449
CSR 7000	0.01	7.37793
COO 7000	0.01	7.37715
CSR 7000	0.015	7.44927
COO 7000	0.015	7.41909
CSR 7000	0.02	7.40076
COO 7000	0.02	7.43237
CSR 7000	0.005	7.37777
COO 7000	0.005	7.29476
CSR 7000	0.01	7.35295
COO 7000	0.01	7.37033
CSR 7000	0.015	7.46083
COO 7000	0.015	7.55829
CSR 7000	0.02	7.39429
COO 7000	0.02	7.42688
CSR 7000	0.005	7.33213
COO 7000	0.005	7.29813
CSR 7000	0.01	7.35390
COO 7000	0.01	7.38385
CSR 7000	0.015	7.37490
COO 7000	0.015	7.37089
CSR 7000	0.02	7.49064
COO 7000	0.02	7.49875
CSR 7000	0.005	7.30422
COO 7000	0.005	7.31847
CSR 7000	0.01	7.43454
COO 7000	0.01	7.36630
CSR 7000	0.015	7.34869
COO 7000	0.015	7.41202
CSR 7000	0.02	7.42272
COO 7000	0.02	7.45064
CSR 9000	0.005	12.04075
COO 9000	0.005	12.17888
CSR 9000	0.01	12.09714
COO 9000	0.01	12.12310
CSR 9000	0.015	12.21668
COO 9000	0.015	12.25885
CSR 9000	0.02	12.27314
COO 9000	0.02	12.28863
CSR 9000	0.005	12.05154
COO 9000	0.005	12.01907
CSR 9000	0.01	12.17452
COO 9000	0.01	12.05533
CSR 9000	0.015	12.15689
COO 9000	0.015	12.19665
CSR 9000	0.02	12.31206
COO 9000	0.02	12.32901
CSR 9000	0.005	12.14186
COO 9000	0.005	12.04741
CSR 9000	0.01	12.11839
COO 9000	0.01	12.15901
CSR 9000	0.015	12.39546
COO 9000	0.015	12.30930
CSR 9000	0.02	12.32489
COO 9000	0.02	12.26591
CSR 9000	0.005	12.07341
COO 9000	0.005	12.03155
CSR 9000	0.01	12.27139
COO 9000	0.01	12.16303
CSR 9000	0.015	12.20659
COO 9000	0.015	12.23223
CSR 9000	0.02	12.42931
COO 9000	0.02	12.40674
CSR 9000	0.005	12.10064
COO 9000	0.005	12.02152
CSR 9000	0.01	12.11032
COO 9000	0.01	12.17493
CSR 9000	0.015	12.30458
COO 9000	0.015	12.31185
CSR 9000	0.02	12.31379
COO 9000	0.02	12.30067
CSR 9000	0.005	12.04187
COO 9000	0.005	12.07704
CSR 9000	0.01	12.10630
COO 9000	0.01	12.07093
CSR 9000	0.015	12.16959
COO 9000	0.015	12.31233
CSR 9000	0.02	12.28432
COO 9000	0.02	12.37410
CSR 9000	0.005	12.01506
COO 9000	0.005	12.02883
CSR 9000	0.01	12.17063
COO 9000	0.01	12.11457
CSR 9000	0.015	12.27082
COO 9000	0.015	12.25620
CSR 9000	0.02	12.27586
COO 9000	0.02	12.30256
CSR 9000	0.005	12.05603
COO 9000	0.005	12.03536
CSR 9000	0.01	12.14880
COO 9000	0.01	12.21596
CSR 9000	0.015	12.30484
COO 9000	0.015	12.22610
CSR 9000	0.02	12.29392
COO 9000	0.02	12.26916
CSR 9000	0.005	12.02145
COO 9000	0.005	12.18506
CSR 9000	0.01	12.26775
COO 9000	0.01	12.17931
CSR 9000	0.015	12.20387
COO 9000	0.015	12.13145
CSR 9000	0.02	12.25019
COO 9000	0.02	12.34996
CSR 9000	0.005	12.05520
COO 9000	0.005	12.11853
CSR 9000	0.01	12.09826
COO 9000	0.01	12.17979
CSR 9000	0.015	12.19827
COO 9000	0.015	12.21091
CSR 9000	0.02	12.27021
COO 9000	0.02	12.31523
CSR 11000	0.005	18.41572
COO 11000	0.005	17.98039
CSR 11000	0.01	18.23138
COO 11000	0.01	18.05201
CSR 11000	0.015	18.47035
COO 11000	0.015	18.18484
CSR 11000	0.02	18.41744
COO 11000	0.02	18.28233
CSR 11000	0.005	17.90376
COO 11000	0.005	17.86611
CSR 11000	0.01	18.08488
COO 11000	0.01	18.12945
CSR 11000	0.015	18.24886
COO 11000	0.015	18.27799
CSR 11000	0.02	18.54090
COO 11000	0.02	18.43388
CSR 11000	0.005	17.92170
COO 11000	0.005	17.89087
CSR 11000	0.01	18.01513
COO 11000	0.01	18.25078
CSR 11000	0.015	18.22792
COO 11000	0.015	18.30852
CSR 11000	0.02	18.40617
COO 11000	0.02	18.36355
CSR 11000	0.005	19.07387
COO 11000	0.005	18.05248
CSR 11000	0.01	18.56430
COO 11000	0.01	18.26329
CSR 11000	0.015	18.12181
COO 11000	0.015	18.30010
CSR 11000	0.02	18.65072
COO 11000	0.02	18.43088
CSR 11000	0.005	18.20309
COO 11000	0.005	18.26712
CSR 11000	0.01	18.14456
COO 11000	0.01	18.10284
CSR 11000	0.015	18.17710
COO 11000	0.015	18.23500
CSR 11000	0.02	18.37498
COO 11000	0.02	18.33585
CSR 11000	0.005	18.03400
COO 11000	0.005	18.09225
CSR 11000	0.01	18.01379
COO 11000	0.01	18.39596
CSR 11000	0.015	18.63617
COO 11000	0.015	18.32882
CSR 11000	0.02	18.51711
COO 11000	0.02	18.41884
CSR 11000	0.005	18.49610
COO 11000	0.005	18.02771
CSR 11000	0.01	18.25328
COO 11000	0.01	18.08215
CSR 11000	0.015	18.22553
COO 11000	0.015	18.25766
CSR 11000	0.02	18.45154
COO 11000	0.02	18.30482
CSR 11000	0.005	18.05910
COO 11000	0.005	17.95699
CSR 11000	0.01	18.13060
COO 11000	0.01	18.05832
CSR 11000	0.015	18.52912
COO 11000	0.015	18.19451
CSR 11000	0.02	18.49364
COO 11000	0.02	18.38475
CSR 11000	0.005	18.17553
COO 11000	0.005	18.05646
CSR 11000	0.01	18.31308
COO 11000	0.01	18.38999
CSR 11000	0.015	18.25763
COO 11000	0.015	18.20249
CSR 11000	0.02	18.33038
COO 11000	0.02	18.50070
CSR 11000	0.005	18.02398
COO 11000	0.005	17.98982
CSR 11000	0.01	18.47308
COO 11000	0.01	18.33412
CSR 11000	0.015	18.38580
COO 11000	0.015	18.27796
CSR 11000	0.02	18.49372
COO 11000	0.02	18.59862
CSR 13000	0.005	25.27031
COO 13000	0.005	25.11246
CSR 13000	0.01	27.69275
COO 13000	0.01	26.44528
CSR 13000	0.015	25.45196
COO 13000	0.015	25.39792
CSR 13000	0.02	25.71716
COO 13000	0.02	25.71017
CSR 13000	0.005	25.56022
COO 13000	0.005	25.11721
CSR 13000	0.01	25.24973
COO 13000	0.01	25.48027
CSR 13000	0.015	26.35800
COO 13000	0.015	26.29275
CSR 13000	0.02	25.69376
COO 13000	0.02	25.60985
CSR 13000	0.005	25.61497
COO 13000	0.005	25.10181
CSR 13000	0.01	25.60377
COO 13000	0.01	25.44812
CSR 13000	0.015	25.50753
COO 13000	0.015	25.71169
CSR 13000	0.02	25.59638
COO 13000	0.02	25.66212
CSR 13000	0.005	25.83171
COO 13000	0.005	25.15825
CSR 13000	0.01	25.46597
COO 13000	0.01	25.28025
CSR 13000	0.015	26.41434
COO 13000	0.015	26.56663
CSR 13000	0.02	27.75206
COO 13000	0.02	26.52585
CSR 13000	0.005	25.23126
COO 13000	0.005	25.11660
CSR 13000	0.01	26.06578
COO 13000	0.01	25.35004
CSR 13000	0.015	25.44312
COO 13000	0.015	25.61653
CSR 13000	0.02	25.68391
COO 13000	0.02	25.75100
CSR 13000	0.005	25.31455
COO 13000	0.005	24.99816
CSR 13000	0.01	25.17964
COO 13000	0.01	25.56257
CSR 13000	0.015	25.65860
COO 13000	0.015	25.49253
CSR 13000	0.02	25.92889
COO 13000	0.02	25.79583
CSR 13000	0.005	25.02257
COO 13000	0.005	25.03059
CSR 13000	0.01	25.33490
COO 13000	0.01	25.22857
CSR 13000	0.015	25.79345
COO 13000	0.015	25.74835
CSR 13000	0.02	25.72769
COO 13000	0.02	25.71182
CSR 13000	0.005	25.38973
COO 13000	0.005	25.18550
CSR 13000	0.01	25.43177
COO 13000	0.01	25.26291
CSR 13000	0.015	25.54157
COO 13000	0.015	25.58838
CSR 13000	0.02	25.73166
COO 13000	0.02	25.58659
CSR 13000	0.005	25.36837
COO 13000	0.005	25.24607
CSR 13000	0.01	25.20860
COO 13000	0.01	25.28121
CSR 13000	0.015	25.65616
COO 13000	0.015	25.41568
CSR 13000	0.02	26.55912
COO 13000	0.02	25.78750
CSR 13000	0.005	25.43238
COO 13000	0.005	25.27389
CSR 13000	0.01	26.15099
COO 13000	0.01	25.15868
CSR 13000	0.015	25.55891
COO 13000	0.015	25.75086
CSR 13000	0.02	25.99031
COO 13000	0.02	25.72320
CSR 15000	0.005	33.58664
COO 15000	0.005	33.34352
CSR 15000	0.01	33.57713
COO 15000	0.01	33.54758
CSR 15000	0.015	33.79400
COO 15000	0.015	34.18929
CSR 15000	0.02	34.95615
COO 15000	0.02	34.32177
CSR 15000	0.005	33.36965
COO 15000	0.005	33.31385
CSR 15000	0.01	33.58645
COO 15000	0.01	33.61208
CSR 15000	0.015	34.14745
COO 15000	0.015	34.12087
CSR 15000	0.02	33.98892
COO 15000	0.02	34.32932
CSR 15000	0.005	33.79683
COO 15000	0.005	33.28137
CSR 15000	0.01	33.99084
COO 15000	0.01	33.73351
CSR 15000	0.015	33.89857
COO 15000	0.015	33.95743
CSR 15000	0.02	34.25813
COO 15000	0.02	34.15584
CSR 15000	0.005	33.59787
COO 15000	0.005	33.53546
CSR 15000	0.01	33.74802
COO 15000	0.01	33.86234
CSR 15000	0.015	33.95854
COO 15000	0.015	33.81368
CSR 15000	0.02	34.28253
COO 15000	0.02	34.16022
CSR 15000	0.005	33.22330
COO 15000	0.005	33.45304
CSR 15000	0.01	33.48209
COO 15000	0.01	33.55180
CSR 15000	0.015	34.44317
COO 15000	0.015	34.98290
CSR 15000	0.02	34.37830
COO 15000	0.02	34.00812
CSR 15000	0.005	33.24485
COO 15000	0.005	33.56261
CSR 15000	0.01	34.17784
COO 15000	0.01	33.78460
CSR 15000	0.015	33.95972
COO 15000	0.015	33.91252
CSR 15000	0.02	34.14819
COO 15000	0.02	34.32360
CSR 15000	0.005	33.55351
COO 15000	0.005	33.49132
CSR 15000	0.01	33.38668
COO 15000	0.01	34.00933
CSR 15000	0.015	33.74649
COO 15000	0.015	33.68221
CSR 15000	0.02	34.43994
COO 15000	0.02	34.09108
CSR 15000	0.005	33.60380
COO 15000	0.005	33.58389
CSR 15000	0.01	34.50942
COO 15000	0.01	33.79457
CSR 15000	0.015	33.79019
COO 15000	0.015	33.81444
CSR 15000	0.02	34.80706
COO 15000	0.02	34.39422
CSR 15000	0.005	33.80216
COO 15000	0.005	33.59661
CSR 15000	0.01	33.84902
COO 15000	0.01	33.96661
CSR 15000	0.015	33.62521
COO 15000	0.015	34.10956
CSR 15000	0.02	34.16641
COO 15000	0.02	34.36771
CSR 15000	0.005	33.53946
COO 15000	0.005	33.31898
CSR 15000	0.01	33.85319
COO 15000	0.01	33.68291
CSR 15000	0.015	34.19937
COO 15000	0.015	33.95816
CSR 15000	0.02	33.93800
COO 15000	0.02	34.21713
CSR 17000	0.005	43.78489
COO 17000	0.005	43.19183
CSR 17000	0.01	43.99735
COO 17000	0.01	44.19172
CSR 17000	0.015	44.59403
COO 17000	0.015	43.67233
CSR 17000	0.02	44.57014
COO 17000	0.02	44.72005
CSR 17000	0.005	44.00709
COO 17000	0.005	42.84504
CSR 17000	0.01	44.10710
COO 17000	0.01	44.46036
CSR 17000	0.015	44.24680
COO 17000	0.015	44.05037
CSR 17000	0.02	44.96915
COO 17000	0.02	44.20740
CSR 17000	0.005	43.64382
COO 17000	0.005	43.09011
CSR 17000	0.01	44.11249
COO 17000	0.01	44.25168
CSR 17000	0.015	44.46007
COO 17000	0.015	44.46560
CSR 17000	0.02	44.93176
COO 17000	0.02	44.53826
CSR 17000	0.005	43.64988
COO 17000	0.005	43.59893
CSR 17000	0.01	43.64989
COO 17000	0.01	43.51997
CSR 17000	0.015	44.56037
COO 17000	0.015	43.35133
CSR 17000	0.02	44.82544
COO 17000	0.02	44.53560
CSR 17000	0.005	43.68262
COO 17000	0.005	44.41093
CSR 17000	0.01	44.26612
COO 17000	0.01	44.19066
CSR 17000	0.015	44.36763
COO 17000	0.015	44.43383
CSR 17000	0.02	44.25226
COO 17000	0.02	43.90806
CSR 17000	0.005	44.23515
COO 17000	0.005	43.70269
CSR 17000	0.01	43.23383
COO 17000	0.01	43.49381
CSR 17000	0.015	43.86769
COO 17000	0.015	43.69829
CSR 17000	0.02	44.33599
COO 17000	0.02	44.57556
CSR 17000	0.005	43.65845
COO 17000	0.005	42.75626
CSR 17000	0.01	44.06011
COO 17000	0.01	43.19678
CSR 17000	0.015	43.79259
COO 17000	0.015	44.44204
CSR 17000	0.02	44.45950
COO 17000	0.02	45.17061
CSR 17000	0.005	43.30658
COO 17000	0.005	43.16412
CSR 17000	0.01	43.69537
COO 17000	0.01	44.31160
CSR 17000	0.015	43.89538
COO 17000	0.015	43.98434
CSR 17000	0.02	44.49618
COO 17000	0.02	44.52640
CSR 17000	0.005	43.98934
COO 17000	0.005	43.48850
CSR 17000	0.01	43.55726
COO 17000	0.01	44.13584
CSR 17000	0.015	44.33595
COO 17000	0.015	43.53625
CSR 17000	0.02	44.39082
COO 17000	0.02	43.72176
CSR 17000	0.005	43.98410
COO 17000	0.005	44.16439
CSR 17000	0.01	43.38014
COO 17000	0.01	43.54378
CSR 17000	0.015	44.21628
COO 17000	0.015	44.68276
CSR 17000	0.02	44.19137
COO 17000	0.02	43.94600
CSR 19000	0.005	54.41519
COO 19000	0.005	53.82581
CSR 19000	0.01	53.98167
COO 19000	0.01	54.18646
CSR 19000	0.015	54.80023
COO 19000	0.015	54.19812
CSR 19000	0.02	54.78667
COO 19000	0.02	54.57208
CSR 19000	0.005	54.81329
COO 19000	0.005	54.74294
CSR 19000	0.01	54.44013
COO 19000	0.01	54.31395
CSR 19000	0.015	54.78162
COO 19000	0.015	54.29610
CSR 19000	0.02	54.42284
COO 19000	0.02	54.53809
CSR 19000	0.005	53.78571
COO 19000	0.005	53.98660
CSR 19000	0.01	55.14462
COO 19000	0.01	54.52825
CSR 19000	0.015	53.93123
COO 19000	0.015	54.27031
CSR 19000	0.02	54.80259
COO 19000	0.02	54.23127
CSR 19000	0.005	53.86597
COO 19000	0.005	53.23942
CSR 19000	0.01	54.01790
COO 19000	0.01	54.06664
CSR 19000	0.015	54.92769
COO 19000	0.015	54.18363
CSR 19000	0.02	54.88332
COO 19000	0.02	54.93198
CSR 19000	0.005	53.57310
COO 19000	0.005	53.23114
CSR 19000	0.01	54.94973
COO 19000	0.01	53.90597
CSR 19000	0.015	54.79831
COO 19000	0.015	54.43223
CSR 19000	0.02	54.79498
COO 19000	0.02	54.67899
CSR 19000	0.005	54.18097
COO 19000	0.005	53.68134
CSR 19000	0.01	54.04533
COO 19000	0.01	54.36273
CSR 19000	0.015	54.53258
COO 19000	0.015	54.38591
CSR 19000	0.02	54.54134
COO 19000	0.02	54.79278
CSR 19000	0.005	54.05311
COO 19000	0.005	53.86052
CSR 19000	0.01	54.34897
COO 19000	0.01	53.77231
CSR 19000	0.015	53.50355
COO 19000	0.015	53.25454
Diagonal 5000	0.005	10.67255
CSC 5000	0.01	4.11439
Diagonal 5000	0.01	11.13689
CSC 5000	0.015	4.14883
Diagonal 5000	0.015	10.90907
CSC 5000	0.02	4.17855
Diagonal 5000	0.02	11.00593
CSC 5000	0.005	4.06945
Diagonal 5000	0.005	10.63809
CSC 5000	0.01	4.10825
Diagonal 5000	0.01	10.95401
CSC 5000	0.015	4.14828
Diagonal 5000	0.015	11.09598
CSC 5000	0.02	4.16695
Diagonal 5000	0.02	10.83407
CSC 5000	0.005	4.06819
Diagonal 5000	0.005	10.65269
CSC 5000	0.01	4.11384
Diagonal 5000	0.01	10.93688
CSC 5000	0.015	4.14057
Diagonal 5000	0.015	11.04140
CSC 5000	0.02	4.16443
Diagonal 5000	0.02	11.00471
CSC 5000	0.005	4.08085
Diagonal 5000	0.005	10.62963
CSC 5000	0.01	4.10085
Diagonal 5000	0.01	10.93531
CSC 5000	0.015	4.12883
Diagonal 5000	0.015	10.86466
CSC 5000	0.02	4.16007
Diagonal 5000	0.02	10.99067
CSC 5000	0.005	4.07986
Diagonal 5000	0.005	10.75332
CSC 5000	0.01	4.42324
Diagonal 5000	0.01	10.88909
CSC 5000	0.015	4.14875
Diagonal 5000	0.015	10.90792
CSC 5000	0.02	4.17981
Diagonal 5000	0.02	10.99796
CSC 5000	0.005	4.07578
Diagonal 5000	0.005	10.66990
CSC 5000	0.01	4.10534
Diagonal 5000	0.01	10.77863
CSC 5000	0.015	4.13879
Diagonal 5000	0.015	11.21275
CSC 5000	0.02	4.17792
Diagonal 5000	0.02	10.98293
CSC 5000	0.005	4.07799
Diagonal 5000	0.005	10.74619
CSC 5000	0.01	4.11122
Diagonal 5000	0.01	11.12708
CSC 5000	0.015	4.12464
Diagonal 5000	0.015	10.88505
CSC 5000	0.02	4.15854
Diagonal 5000	0.02	11.12422
CSC 5000	0.005	4.08811
Diagonal 5000	0.005	10.64209
CSC 5000	0.01	4.10217
Diagonal 5000	0.01	10.92785
CSC 5000	0.015	4.13566
Diagonal 5000	0.015	10.99486
CSC 5000	0.02	4.48845
Diagonal 5000	0.02	10.96568
CSC 5000	0.005	4.08232
Diagonal 5000	0.005	10.73988
CSC 5000	0.01	4.11866
Diagonal 5000	0.01	10.95316
CSC 5000	0.015	4.14979
Diagonal 5000	0.015	10.95363
CSC 5000	0.02	4.18525
Diagonal 5000	0.02	10.98259
CSC 5000	0.005	4.07559
Diagonal 5000	0.005	10.66725
CSC 5000	0.01	4.11153
Diagonal 5000	0.01	10.75837
CSC 5000	0.015	4.13824
Diagonal 5000	0.015	10.84352
CSC 5000	0.02	4.16527
Diagonal 5000	0.02	11.24888
CSC 7000	0.005	7.96480
Diagonal 7000	0.005	21.08863
CSC 7000	0.01	8.02035
Diagonal 7000	0.01	21.52109
CSC 7000	0.015	8.08222
Diagonal 7000	0.015	21.88110
CSC 7000	0.02	8.13863
Diagonal 7000	0.02	22.10079
CSC 7000	0.005	7.95499
Diagonal 7000	0.005	21.27607
CSC 7000	0.01	8.02647
Diagonal 7000	0.01	21.42878
CSC 7000	0.015	8.08480
Diagonal 7000	0.015	21.54377
CSC 7000	0.02	8.14922
Diagonal 7000	0.02	21.56740
CSC 7000	0.005	7.96700
Diagonal 7000	0.005	21.26628
CSC 7000	0.01	8.04724
Diagonal 7000	0.01	21.63118
CSC 7000	0.015	8.08174
Diagonal 7000	0.015	21.62869
CSC 7000	0.02	8.13529
Diagonal 7000	0.02	21.70114
CSC 7000	0.005	7.96132
Diagonal 7000	0.005	21.05108
CSC 7000	0.01	8.03116
Diagonal 7000	0.01	21.35449
CSC 7000	0.015	8.08289
Diagonal 7000	0.015	21.73398
CSC 7000	0.02	8.15034
Diagonal 7000	0.02	22.20425
CSC 7000	0.005	7.95856
Diagonal 7000	0.005	21.14501
CSC 7000	0.01	8.02535
Diagonal 7000	0.01	22.73140
CSC 7000	0.015	8.08220
Diagonal 7000	0.015	21.62979
CSC 7000	0.02	8.16797
Diagonal 7000	0.02	21.93486
CSC 7000	0.005	7.96858
Diagonal 7000	0.005	21.25160
CSC 7000	0.01	8.02654
Diagonal 7000	0.01	21.61444
CSC 7000	0.015	8.09029
Diagonal 7000	0.015	21.51409
CSC 7000	0.02	8.13735
Diagonal 7000	0.02	21.56703
CSC 7000	0.005	7.96576
Diagonal 7000	0.005	22.01238
CSC 7000	0.01	8.03800
Diagonal 7000	0.01	21.46108
CSC 7000	0.015	8.09293
Diagonal 7000	0.015	21.76408
CSC 7000	0.02	8.13794
Diagonal 7000	0.02	21.70028
CSC 7000	0.005	7.95854
Diagonal 7000	0.005	21.43278
CSC 7000	0.01	8.03202
Diagonal 7000	0.01	21.55169
CSC 7000	0.015	8.07487
Diagonal 7000	0.015	21.61140
CSC 7000	0.02	8.14683
Diagonal 7000	0.02	22.36405
CSC 7000	0.005	7.95274
Diagonal 7000	0.005	21.50470
CSC 7000	0.01	8.02316
Diagonal 7000	0.01	21.46753
CSC 7000	0.015	8.09426
Diagonal 7000	0.015	21.57851
CSC 7000	0.02	8.14238
Diagonal 7000	0.02	22.71038
CSC 7000	0.005	7.96450
Diagonal 7000	0.005	21.20542
CSC 7000	0.01	8.10200
Diagonal 7000	0.01	21.77305
CSC 7000	0.015	8.10448
Diagonal 7000	0.015	21.63141
CSC 7000	0.02	8.14271
Diagonal 7000	0.02	21.59430
CSC 9000	0.005	13.25130
Diagonal 9000	0.005	37.14966
CSC 9000	0.01	13.31433
Diagonal 9000	0.01	37.96985
CSC 9000	0.015	13.41522
Diagonal 9000	0.015	38.36118
CSC 9000	0.02	13.50475
Diagonal 9000	0.02	37.32209
CSC 9000	0.005	13.18199
Diagonal 9000	0.005	37.42163
CSC 9000	0.01	13.30598
Diagonal 9000	0.01	38.66015
CSC 9000	0.015	13.40584
Diagonal 9000	0.015	37.65739
CSC 9000	0.02	13.51571
Diagonal 9000	0.02	38.12362
CSC 9000	0.005	13.21809
Diagonal 9000	0.005	38.21472
CSC 9000	0.01	13.33282
Diagonal 9000	0.01	37.23247
CSC 9000	0.015	13.41625
Diagonal 9000	0.015	38.88948
CSC 9000	0.02	13.49239
Diagonal 9000	0.02	38.28004
CSC 9000	0.005	14.33091
Diagonal 9000	0.005	37.35095
CSC 9000	0.01	13.34929
Diagonal 9000	0.01	37.92164
CSC 9000	0.015	13.39003
Diagonal 9000	0.015	38.02746
CSC 9000	0.02	13.50221
Diagonal 9000	0.02	38.06684
CSC 9000	0.005	13.20851
Diagonal 9000	0.005	37.58976
CSC 9000	0.01	13.30374
Diagonal 9000	0.01	37.25342
CSC 9000	0.015	13.40648
Diagonal 9000	0.015	37.82372
CSC 9000	0.02	13.52598
Diagonal 9000	0.02	39.38728
CSC 9000	0.005	13.21767
Diagonal 9000	0.005	37.24446
CSC 9000	0.01	13.34106
Diagonal 9000	0.01	38.95783
CSC 9000	0.015	13.40700
Diagonal 9000	0.015	37.79052
CSC 9000	0.02	13.48880
Diagonal 9000	0.02	38.20577
CSC 9000	0.005	13.19893
Diagonal 9000	0.005	37.26161
CSC 9000	0.01	13.29727
Diagonal 9000	0.01	37.80755
CSC 9000	0.015	13.41694
Diagonal 9000	0.015	37.90938
CSC 9000	0.02	13.52960
Diagonal 9000	0.02	38.14660
CSC 9000	0.005	13.21587
Diagonal 9000	0.005	37.13986
CSC 9000	0.01	13.34655
Diagonal 9000	0.01	38.95393
CSC 9000	0.015	13.45942
Diagonal 9000	0.015	38.53726
CSC 9000	0.02	13.51645
Diagonal 9000	0.02	37.85711
CSC 9000	0.005	13.27066
Diagonal 9000	0.005	37.66420
CSC 9000	0.01	13.31074
Diagonal 9000	0.01	37.53093
CSC 9000	0.015	13.40602
Diagonal 9000	0.015	37.72461
CSC 9000	0.02	13.49293
Diagonal 9000	0.02	37.99158
CSC 9000	0.005	13.19309
Diagonal 9000	0.005	36.82935
CSC 9000	0.01	13.29326
Diagonal 9000	0.01	38.77438
CSC 9000	0.015	13.38013
Diagonal 9000	0.015	37.76830
CSC 9000	0.02	13.51408
Diagonal 9000	0.02	38.58937
CSC 11000	0.005	19.65993
Diagonal 11000	0.005	65.60828
CSC 11000	0.01	19.83148
Diagonal 11000	0.01	66.51759
CSC 11000	0.015	19.96986
Diagonal 11000	0.015	66.01798
CSC 11000	0.02	20.09275
Diagonal 11000	0.02	65.70035
CSC 11000	0.005	19.67441
Diagonal 11000	0.005	64.69840
CSC 11000	0.01	19.81756
Diagonal 11000	0.01	66.05396
CSC 11000	0.015	20.01747
Diagonal 11000	0.015	66.26619
CSC 11000	0.02	20.10224
Diagonal 11000	0.02	65.31592
CSC 11000	0.005	19.68395
Diagonal 11000	0.005	65.23393
CSC 11000	0.01	19.82015
Diagonal 11000	0.01	65.55453
CSC 11000	0.015	19.97922
Diagonal 11000	0.015	65.67882
CSC 11000	0.02	20.09702
Diagonal 11000	0.02	65.74973
CSC 11000	0.005	19.68134
Diagonal 11000	0.005	65.84454
CSC 11000	0.01	19.91233
Diagonal 11000	0.01	65.17719
CSC 11000	0.015	19.96930
Diagonal 11000	0.015	65.21192
CSC 11000	0.02	20.10809
Diagonal 11000	0.02	64.59430
CSC 11000	0.005	19.67027
Diagonal 11000	0.005	63.82322
CSC 11000	0.01	19.81318
Diagonal 11000	0.01	65.74256
CSC 11000	0.015	19.97416
Diagonal 11000	0.015	65.38910
CSC 11000	0.02	20.10041
Diagonal 11000	0.02	65.98050
CSC 11000	0.005	19.67695
Diagonal 11000	0.005	64.63565
CSC 11000	0.01	19.81369
Diagonal 11000	0.01	64.52579
CSC 11000	0.015	19.95522
Diagonal 11000	0.015	66.32096
CSC 11000	0.02	20.12740
Diagonal 11000	0.02	65.34202
CSC 11000	0.005	19.75918
Diagonal 11000	0.005	65.92319
CSC 11000	0.01	19.88175
Diagonal 11000	0.01	65.80875
CSC 11000	0.015	19.96868
Diagonal 11000	0.015	65.50445
CSC 11000	0.02	20.11759
Diagonal 11000	0.02	65.97917
CSC 11000	0.005	19.70681
Diagonal 11000	0.005	64.98977
CSC 11000	0.01	19.86847
Diagonal 11000	0.01	64.95921
CSC 11000	0.015	19.98380
Diagonal 11000	0.015	66.74702
CSC 11000	0.02	20.09215
Diagonal 11000	0.02	70.84925
CSC 11000	0.005	19.66428
Diagonal 11000	0.005	66.41156
CSC 11000	0.01	19.81621
Diagonal 11000	0.01	64.25652
CSC 11000	0.015	19.96245
Diagonal 11000	0.015	66.19986
CSC 11000	0.02	20.12484
Diagonal 11000	0.02	67.41401
CSC 11000	0.005	19.70412
Diagonal 11000	0.005	64.09005
CSC 11000	0.01	19.82947
Diagonal 11000	0.01	65.19703
CSC 11000	0.015	19.96902
Diagonal 11000	0.015	65.80297
CSC 11000	0.02	20.11239
Diagonal 11000	0.02	65.48026
CSC 13000	0.005	27.48235
Diagonal 13000	0.005	95.57610
CSC 13000	0.01	27.72675
Diagonal 13000	0.01	97.38738
CSC 13000	0.015	27.87989
Diagonal 13000	0.015	96.15891
CSC 13000	0.02	28.09787
Diagonal 13000	0.02	98.66913
CSC 13000	0.005	27.49348
Diagonal 13000	0.005	96.66496
CSC 13000	0.01	27.68698
Diagonal 13000	0.01	96.24443
CSC 13000	0.015	27.91734
Diagonal 13000	0.015	96.32788
CSC 13000	0.02	28.15224
Diagonal 13000	0.02	97.84329
CSC 13000	0.005	27.55002
Diagonal 13000	0.005	94.29369
CSC 13000	0.01	27.71076
Diagonal 13000	0.01	100.31282
CSC 13000	0.015	27.99865
Diagonal 13000	0.015	96.91128
CSC 13000	0.02	28.13464
Diagonal 13000	0.02	98.61975
CSC 13000	0.005	27.51491
Diagonal 13000	0.005	93.99986
CSC 13000	0.01	27.70052
Diagonal 13000	0.01	94.56936
CSC 13000	0.015	27.90035
Diagonal 13000	0.015	97.21435
CSC 13000	0.02	28.08817
Diagonal 13000	0.02	95.49517
CSC 13000	0.005	27.49552
Diagonal 13000	0.005	95.44494
CSC 13000	0.01	27.70529
Diagonal 13000	0.01	94.89881
CSC 13000	0.015	27.86164
Diagonal 13000	0.015	97.40120
CSC 13000	0.02	28.12161
Diagonal 13000	0.02	96.47425
CSC 13000	0.005	27.51927
Diagonal 13000	0.005	96.19745
CSC 13000	0.01	27.71294
Diagonal 13000	0.01	95.66574
CSC 13000	0.015	27.89004
Diagonal 13000	0.015	95.03912
CSC 13000	0.02	28.08987
Diagonal 13000	0.02	97.32818
CSC 13000	0.005	27.49033
Diagonal 13000	0.005	95.56908
CSC 13000	0.01	27.69566
Diagonal 13000	0.01	96.03777
CSC 13000	0.015	27.87765
Diagonal 13000	0.015	96.84685
CSC 13000	0.02	28.08217
Diagonal 13000	0.02	97.23215
CSC 13000	0.005	27.47278
Diagonal 13000	0.005	95.01493
CSC 13000	0.01	27.69703
Diagonal 13000	0.01	96.13861
CSC 13000	0.015	27.91260
Diagonal 13000	0.015	99.27189
CSC 13000	0.02	28.06011
Diagonal 13000	0.02	97.97391
CSC 13000	0.005	27.48281
Diagonal 13000	0.005	95.37193
CSC 13000	0.01	27.72794
Diagonal 13000	0.01	97.02112
CSC 13000	0.015	27.92285
Diagonal 13000	0.015	97.15163
CSC 13000	0.02	28.09473
Diagonal 13000	0.02	97.32293
CSC 13000	0.005	27.48151
Diagonal 13000	0.005	97.02531
CSC 13000	0.01	27.70178
Diagonal 13000	0.01	96.22325
CSC 13000	0.015	27.90611
Diagonal 13000	0.015	96.62357
CSC 13000	0.02	28.13660
Diagonal 13000	0.02	99.18473
CSC 15000	0.005	36.61696
Diagonal 15000	0.005	142.89361
CSC 15000	0.01	38.58551
Diagonal 15000	0.01	140.56529
CSC 15000	0.015	37.21913
Diagonal 15000	0.015	139.80643
CSC 15000	0.02	37.43814
Diagonal 15000	0.02	139.19092
CSC 15000	0.005	36.63849
Diagonal 15000	0.005	139.46506
CSC 15000	0.01	36.88447
Diagonal 15000	0.01	139.76112
CSC 15000	0.015	37.28291
Diagonal 15000	0.015	141.10866
CSC 15000	0.02	37.40461
Diagonal 15000	0.02	139.79280
CSC 15000	0.005	36.62105
Diagonal 15000	0.005	136.19596
CSC 15000	0.01	36.92833
Diagonal 15000	0.01	138.79799
CSC 15000	0.015	37.15076
Diagonal 15000	0.015	142.02753
CSC 15000	0.02	37.35306
Diagonal 15000	0.02	142.12777
CSC 15000	0.005	36.62195
Diagonal 15000	0.005	138.51918
CSC 15000	0.01	36.86061
Diagonal 15000	0.01	139.94596
CSC 15000	0.015	37.13110
Diagonal 15000	0.015	139.30093
CSC 15000	0.02	37.38034
Diagonal 15000	0.02	139.70768
CSC 15000	0.005	36.66986
Diagonal 15000	0.005	142.39305
CSC 15000	0.01	36.86451
Diagonal 15000	0.01	138.75880
CSC 15000	0.015	37.13379
Diagonal 15000	0.015	140.81572
CSC 15000	0.02	37.37394
Diagonal 15000	0.02	142.41033
CSC 15000	0.005	36.60939
Diagonal 15000	0.005	136.77654
CSC 15000	0.01	36.86388
Diagonal 15000	0.01	141.35989
CSC 15000	0.015	37.27599
Diagonal 15000	0.015	140.27422
CSC 15000	0.02	37.36392
Diagonal 15000	0.02	144.22752
CSC 15000	0.005	36.68956
Diagonal 15000	0.005	137.30417
CSC 15000	0.01	39.39392
Diagonal 15000	0.01	140.53580
CSC 15000	0.015	40.05103
Diagonal 15000	0.015	141.94465
CSC 15000	0.02	37.40090
Diagonal 15000	0.02	139.83541
CSC 15000	0.005	36.63547
Diagonal 15000	0.005	138.52377
CSC 15000	0.01	36.95435
Diagonal 15000	0.01	138.55362
CSC 15000	0.015	37.11237
Diagonal 15000	0.015	141.09486
CSC 15000	0.02	40.18251
Diagonal 15000	0.02	138.77529
CSC 15000	0.005	36.63900
Diagonal 15000	0.005	139.00240
CSC 15000	0.01	39.90577
Diagonal 15000	0.01	139.53701
CSC 15000	0.015	37.11437
Diagonal 15000	0.015	140.98128
CSC 15000	0.02	37.40410
Diagonal 15000	0.02	140.10758
CSC 15000	0.005	36.59382
Diagonal 15000	0.005	137.31177
CSC 15000	0.01	36.90654
Diagonal 15000	0.01	140.02100
CSC 15000	0.015	37.12593
Diagonal 15000	0.015	140.58458
CSC 15000	0.02	37.49771
Diagonal 15000	0.02	142.86095
CSC 17000	0.005	46.99084
CSC 17000	0.01	47.39274
CSC 17000	0.015	47.71753
CSC 17000	0.02	48.00846
CSC 17000	0.005	51.26653
CSC 17000	0.01	47.41072
CSC 17000	0.015	47.71221
CSC 17000	0.02	48.07973
CSC 17000	0.005	47.03492
CSC 17000	0.01	47.46603
CSC 17000	0.015	47.72422
CSC 17000	0.02	48.03005
CSC 17000	0.005	47.02126
CSC 17000	0.01	47.36297
CSC 17000	0.015	47.69492
CSC 17000	0.02	48.01242
CSC 17000	0.005	47.02623
CSC 17000	0.01	47.35445
CSC 17000	0.015	47.71781
CSC 17000	0.02	48.04070
CSC 17000	0.005	47.00485
CSC 17000	0.01	47.33209
CSC 17000	0.015	47.74498
CSC 17000	0.02	47.99983
CSC 17000	0.005	47.01034
CSC 17000	0.01	47.33420
CSC 17000	0.015	47.66297
CSC 17000	0.02	48.04771
CSC 17000	0.005	47.07431
CSC 17000	0.01	57.94608
CSC 17000	0.015	47.72155
CSC 17000	0.02	48.03777
CSC 17000	0.005	47.02935
CSC 17000	0.01	47.35121
CSC 17000	0.015	47.82744
CSC 17000	0.02	48.00678
CSC 17000	0.005	46.99878
CSC 17000	0.01	47.41326
CSC 17000	0.015	51.37966
CSC 17000	0.02	48.04737
CSC 19000	0.005	58.74262
CSC 19000	0.01	59.18516
CSC 19000	0.015	59.59931
CSC 19000	0.02	59.99427
CSC 19000	0.005	58.74954
CSC 19000	0.01	59.20835
CSC 19000	0.015	59.63883
CSC 19000	0.02	60.01181
CSC 19000	0.005	58.73488
CSC 19000	0.01	59.15237
CSC 19000	0.015	59.58425
CSC 19000	0.02	60.00447
CSC 19000	0.005	58.80655
CSC 19000	0.01	59.30868
CSC 19000	0.015	59.56551
CSC 19000	0.02	60.00545
CSC 19000	0.005	58.89302
CSC 19000	0.01	59.23990
CSC 19000	0.015	59.76489
CSC 19000	0.02	65.34688
CSC 19000	0.005	58.79713
CSC 19000	0.01	59.16893
CSC 19000	0.015	59.63586
CSC 19000	0.02	59.96865
CSC 19000	0.005	58.77074
CSC 19000	0.01	59.28196
CSC 19000	0.015	14.19052
