addition_csr 1000	1000	0.005	0.00737
subtration_csr 1000	1000	0.005	0.00610
addition_csc 1000	1000	0.005	0.00722
subtration_csc 1000	1000	0.005	0.00649
addition_csr 1000	1000	0.01	0.01027
subtration_csr 1000	1000	0.01	0.00869
addition_csc 1000	1000	0.01	0.01185
subtration_csc 1000	1000	0.01	0.00983
addition_csr 1000	1000	0.02	0.01976
subtration_csr 1000	1000	0.02	0.01692
addition_csc 1000	1000	0.02	0.02268
subtration_csc 1000	1000	0.02	0.01933
addition_csr 1000	1000	0.005	0.00764
subtration_csr 1000	1000	0.005	0.00826
addition_csc 1000	1000	0.005	0.00781
subtration_csc 1000	1000	0.005	0.00798
addition_csr 1000	1000	0.01	0.01393
subtration_csr 1000	1000	0.01	0.01449
addition_csc 1000	1000	0.01	0.01429
subtration_csc 1000	1000	0.01	0.01446
addition_csr 1000	1000	0.02	0.03013
subtration_csr 1000	1000	0.02	0.03119
addition_csc 1000	1000	0.02	0.03043
subtration_csc 1000	1000	0.02	0.03004
addition_csr 1000	1000	0.005	0.00778
subtration_csr 1000	1000	0.005	0.00828
addition_csc 1000	1000	0.005	0.00795
subtration_csc 1000	1000	0.005	0.00809
addition_csr 1000	1000	0.01	0.01380
subtration_csr 1000	1000	0.01	0.01468
addition_csc 1000	1000	0.01	0.01406
subtration_csc 1000	1000	0.01	0.01416
addition_csr 1000	1000	0.02	0.03090
subtration_csr 1000	1000	0.02	0.03230
addition_csc 1000	1000	0.02	0.03119
subtration_csc 1000	1000	0.02	0.03026
addition_csr 1000	1000	0.005	0.00768
subtration_csr 1000	1000	0.005	0.00836
addition_csc 1000	1000	0.005	0.00782
subtration_csc 1000	1000	0.005	0.00799
addition_csr 1000	1000	0.01	0.01385
subtration_csr 1000	1000	0.01	0.01464
addition_csc 1000	1000	0.01	0.01408
subtration_csc 1000	1000	0.01	0.01469
addition_csr 1000	1000	0.02	0.03049
subtration_csr 1000	1000	0.02	0.03202
addition_csc 1000	1000	0.02	0.03014
subtration_csc 1000	1000	0.02	0.03026
addition_csr 1000	1000	0.005	0.00775
subtration_csr 1000	1000	0.005	0.00831
addition_csc 1000	1000	0.005	0.00805
subtration_csc 1000	1000	0.005	0.00807
addition_csr 1000	1000	0.01	0.01400
subtration_csr 1000	1000	0.01	0.01460
addition_csc 1000	1000	0.01	0.01390
subtration_csc 1000	1000	0.01	0.01413
addition_csr 1000	1000	0.02	0.03011
subtration_csr 1000	1000	0.02	0.03303
addition_csc 1000	1000	0.02	0.02973
subtration_csc 1000	1000	0.02	0.03010
addition_csr 1000	1000	0.005	0.00773
subtration_csr 1000	1000	0.005	0.00837
addition_csc 1000	1000	0.005	0.00786
subtration_csc 1000	1000	0.005	0.00792
addition_csr 1000	1000	0.01	0.01395
subtration_csr 1000	1000	0.01	0.01462
addition_csc 1000	1000	0.01	0.01401
subtration_csc 1000	1000	0.01	0.01465
addition_csr 1000	1000	0.02	0.03003
subtration_csr 1000	1000	0.02	0.03170
addition_csc 1000	1000	0.02	0.03077
subtration_csc 1000	1000	0.02	0.02997
addition_csr 1000	1000	0.005	0.00776
subtration_csr 1000	1000	0.005	0.00828
addition_csc 1000	1000	0.005	0.00793
subtration_csc 1000	1000	0.005	0.00808
addition_csr 1000	1000	0.01	0.01398
subtration_csr 1000	1000	0.01	0.01507
addition_csc 1000	1000	0.01	0.01395
subtration_csc 1000	1000	0.01	0.01443
addition_csr 1000	1000	0.02	0.02953
subtration_csr 1000	1000	0.02	0.03153
addition_csc 1000	1000	0.02	0.02958
subtration_csc 1000	1000	0.02	0.03004
addition_csr 1000	1000	0.005	0.00775
subtration_csr 1000	1000	0.005	0.00835
addition_csc 1000	1000	0.005	0.00786
subtration_csc 1000	1000	0.005	0.00807
addition_csr 1000	1000	0.01	0.01378
subtration_csr 1000	1000	0.01	0.01480
addition_csc 1000	1000	0.01	0.01425
subtration_csc 1000	1000	0.01	0.01445
addition_csr 1000	1000	0.02	0.02975
subtration_csr 1000	1000	0.02	0.03271
addition_csc 1000	1000	0.02	0.02974
subtration_csc 1000	1000	0.02	0.03012
addition_csr 1000	1000	0.005	0.00780
subtration_csr 1000	1000	0.005	0.00826
addition_csc 1000	1000	0.005	0.00787
subtration_csc 1000	1000	0.005	0.00797
addition_csr 1000	1000	0.01	0.01415
subtration_csr 1000	1000	0.01	0.01468
addition_csc 1000	1000	0.01	0.01383
subtration_csc 1000	1000	0.01	0.01402
addition_csr 1000	1000	0.02	0.03053
subtration_csr 1000	1000	0.02	0.03193
addition_csc 1000	1000	0.02	0.02957
subtration_csc 1000	1000	0.02	0.03020
addition_csr 1000	1000	0.005	0.00764
subtration_csr 1000	1000	0.005	0.00823
addition_csc 1000	1000	0.005	0.00792
subtration_csc 1000	1000	0.005	0.00806
addition_csr 1000	1000	0.01	0.01429
subtration_csr 1000	1000	0.01	0.01477
addition_csc 1000	1000	0.01	0.01414
subtration_csc 1000	1000	0.01	0.01445
addition_csr 1000	1000	0.02	0.02946
subtration_csr 1000	1000	0.02	0.03241
addition_csc 1000	1000	0.02	0.03104
subtration_csc 1000	1000	0.02	0.03009
addition_csr 2000	2000	0.005	0.02043
subtration_csr 2000	2000	0.005	0.01712
addition_csc 2000	2000	0.005	0.02390
subtration_csc 2000	2000	0.005	0.01998
addition_csr 2000	2000	0.01	0.03823
subtration_csr 2000	2000	0.01	0.03313
addition_csc 2000	2000	0.01	0.04514
subtration_csc 2000	2000	0.01	0.03816
addition_csr 2000	2000	0.02	0.07746
subtration_csr 2000	2000	0.02	0.06692
addition_csc 2000	2000	0.02	0.08919
subtration_csc 2000	2000	0.02	0.08501
addition_csr 2000	2000	0.005	0.02716
subtration_csr 2000	2000	0.005	0.02901
addition_csc 2000	2000	0.005	0.02840
subtration_csc 2000	2000	0.005	0.02887
addition_csr 2000	2000	0.01	0.05774
subtration_csr 2000	2000	0.01	0.06011
addition_csc 2000	2000	0.01	0.05989
subtration_csc 2000	2000	0.01	0.06066
addition_csr 2000	2000	0.02	0.13923
subtration_csr 2000	2000	0.02	0.14222
addition_csc 2000	2000	0.02	0.13870
subtration_csc 2000	2000	0.02	0.14277
addition_csr 2000	2000	0.005	0.02725
subtration_csr 2000	2000	0.005	0.02868
addition_csc 2000	2000	0.005	0.02827
subtration_csc 2000	2000	0.005	0.02821
addition_csr 2000	2000	0.01	0.05707
subtration_csr 2000	2000	0.01	0.06119
addition_csc 2000	2000	0.01	0.05897
subtration_csc 2000	2000	0.01	0.06032
addition_csr 2000	2000	0.02	0.14074
subtration_csr 2000	2000	0.02	0.14472
addition_csc 2000	2000	0.02	0.13909
subtration_csc 2000	2000	0.02	0.14265
addition_csr 2000	2000	0.005	0.02749
subtration_csr 2000	2000	0.005	0.02920
addition_csc 2000	2000	0.005	0.02841
subtration_csc 2000	2000	0.005	0.02851
addition_csr 2000	2000	0.01	0.05680
subtration_csr 2000	2000	0.01	0.06021
addition_csc 2000	2000	0.01	0.06078
subtration_csc 2000	2000	0.01	0.06034
addition_csr 2000	2000	0.02	0.13872
subtration_csr 2000	2000	0.02	0.14331
addition_csc 2000	2000	0.02	0.13910
subtration_csc 2000	2000	0.02	0.14211
addition_csr 2000	2000	0.005	0.02797
subtration_csr 2000	2000	0.005	0.02842
addition_csc 2000	2000	0.005	0.02955
subtration_csc 2000	2000	0.005	0.02835
addition_csr 2000	2000	0.01	0.05704
subtration_csr 2000	2000	0.01	0.06095
addition_csc 2000	2000	0.01	0.05933
subtration_csc 2000	2000	0.01	0.06072
addition_csr 2000	2000	0.02	0.13843
subtration_csr 2000	2000	0.02	0.14212
addition_csc 2000	2000	0.02	0.14220
subtration_csc 2000	2000	0.02	0.14481
addition_csr 2000	2000	0.005	0.02770
subtration_csr 2000	2000	0.005	0.02850
addition_csc 2000	2000	0.005	0.02957
subtration_csc 2000	2000	0.005	0.02827
addition_csr 2000	2000	0.01	0.05681
subtration_csr 2000	2000	0.01	0.06065
addition_csc 2000	2000	0.01	0.06114
subtration_csc 2000	2000	0.01	0.06087
addition_csr 2000	2000	0.02	0.13860
subtration_csr 2000	2000	0.02	0.14301
addition_csc 2000	2000	0.02	0.13910
subtration_csc 2000	2000	0.02	0.14205
addition_csr 2000	2000	0.005	0.02744
subtration_csr 2000	2000	0.005	0.02857
addition_csc 2000	2000	0.005	0.02885
subtration_csc 2000	2000	0.005	0.02837
addition_csr 2000	2000	0.01	0.05740
subtration_csr 2000	2000	0.01	0.06041
addition_csc 2000	2000	0.01	0.06023
subtration_csc 2000	2000	0.01	0.06086
addition_csr 2000	2000	0.02	0.13893
subtration_csr 2000	2000	0.02	0.14252
addition_csc 2000	2000	0.02	0.13824
subtration_csc 2000	2000	0.02	0.14214
addition_csr 2000	2000	0.005	0.02760
subtration_csr 2000	2000	0.005	0.02911
addition_csc 2000	2000	0.005	0.02850
subtration_csc 2000	2000	0.005	0.02858
addition_csr 2000	2000	0.01	0.05697
subtration_csr 2000	2000	0.01	0.06081
addition_csc 2000	2000	0.01	0.05904
subtration_csc 2000	2000	0.01	0.06067
addition_csr 2000	2000	0.02	0.13963
subtration_csr 2000	2000	0.02	0.14332
addition_csc 2000	2000	0.02	0.13871
subtration_csc 2000	2000	0.02	0.14221
addition_csr 2000	2000	0.005	0.02785
subtration_csr 2000	2000	0.005	0.02899
addition_csc 2000	2000	0.005	0.02896
subtration_csc 2000	2000	0.005	0.02865
addition_csr 2000	2000	0.01	0.05702
subtration_csr 2000	2000	0.01	0.06067
addition_csc 2000	2000	0.01	0.05958
subtration_csc 2000	2000	0.01	0.06041
addition_csr 2000	2000	0.02	0.13936
subtration_csr 2000	2000	0.02	0.14216
addition_csc 2000	2000	0.02	0.13878
subtration_csc 2000	2000	0.02	0.14204
addition_csr 2000	2000	0.005	0.02728
subtration_csr 2000	2000	0.005	0.02846
addition_csc 2000	2000	0.005	0.02855
subtration_csc 2000	2000	0.005	0.02846
addition_csr 2000	2000	0.01	0.05721
subtration_csr 2000	2000	0.01	0.06133
addition_csc 2000	2000	0.01	0.05938
subtration_csc 2000	2000	0.01	0.06040
addition_csr 2000	2000	0.02	0.14081
subtration_csr 2000	2000	0.02	0.14329
addition_csc 2000	2000	0.02	0.13863
subtration_csc 2000	2000	0.02	0.14173
addition_csr 3000	3000	0.005	0.04286
subtration_csr 3000	3000	0.005	0.03553
addition_csc 3000	3000	0.005	0.05128
subtration_csc 3000	3000	0.005	0.04288
addition_csr 3000	3000	0.01	0.08592
subtration_csr 3000	3000	0.01	0.07314
addition_csc 3000	3000	0.01	0.10051
subtration_csc 3000	3000	0.01	0.08550
addition_csr 3000	3000	0.02	0.18330
subtration_csr 3000	3000	0.02	0.15468
addition_csc 3000	3000	0.02	0.21127
subtration_csc 3000	3000	0.02	0.18374
addition_csr 3000	3000	0.005	0.06165
subtration_csr 3000	3000	0.005	0.06380
addition_csc 3000	3000	0.005	0.06285
subtration_csc 3000	3000	0.005	0.06420
addition_csr 3000	3000	0.01	0.14121
subtration_csr 3000	3000	0.01	0.14775
addition_csc 3000	3000	0.01	0.14354
subtration_csc 3000	3000	0.01	0.14781
addition_csr 3000	3000	0.02	0.37516
subtration_csr 3000	3000	0.02	0.38562
addition_csc 3000	3000	0.02	0.37612
subtration_csc 3000	3000	0.02	0.38693
addition_csr 3000	3000	0.005	0.06153
subtration_csr 3000	3000	0.005	0.06433
addition_csc 3000	3000	0.005	0.06240
subtration_csc 3000	3000	0.005	0.06506
addition_csr 3000	3000	0.01	0.14169
subtration_csr 3000	3000	0.01	0.14682
addition_csc 3000	3000	0.01	0.14379
subtration_csc 3000	3000	0.01	0.14830
addition_csr 3000	3000	0.02	0.37377
subtration_csr 3000	3000	0.02	0.38528
addition_csc 3000	3000	0.02	0.37520
subtration_csc 3000	3000	0.02	0.38723
addition_csr 3000	3000	0.005	0.06148
subtration_csr 3000	3000	0.005	0.06403
addition_csc 3000	3000	0.005	0.06329
subtration_csc 3000	3000	0.005	0.06531
addition_csr 3000	3000	0.01	0.14077
subtration_csr 3000	3000	0.01	0.14651
addition_csc 3000	3000	0.01	0.14403
subtration_csc 3000	3000	0.01	0.14831
addition_csr 3000	3000	0.02	0.37192
subtration_csr 3000	3000	0.02	0.38472
addition_csc 3000	3000	0.02	0.37649
subtration_csc 3000	3000	0.02	0.38724
addition_csr 3000	3000	0.005	0.06171
subtration_csr 3000	3000	0.005	0.06448
addition_csc 3000	3000	0.005	0.06256
subtration_csc 3000	3000	0.005	0.06436
addition_csr 3000	3000	0.01	0.14069
subtration_csr 3000	3000	0.01	0.14752
addition_csc 3000	3000	0.01	0.14369
subtration_csc 3000	3000	0.01	0.14806
addition_csr 3000	3000	0.02	0.37848
subtration_csr 3000	3000	0.02	0.38434
addition_csc 3000	3000	0.02	0.38154
subtration_csc 3000	3000	0.02	0.39133
addition_csr 3000	3000	0.005	0.06278
subtration_csr 3000	3000	0.005	0.06393
addition_csc 3000	3000	0.005	0.06222
subtration_csc 3000	3000	0.005	0.06480
addition_csr 3000	3000	0.01	0.14093
subtration_csr 3000	3000	0.01	0.14652
addition_csc 3000	3000	0.01	0.14313
subtration_csc 3000	3000	0.01	0.14791
addition_csr 3000	3000	0.02	0.37118
subtration_csr 3000	3000	0.02	0.38266
addition_csc 3000	3000	0.02	0.37510
subtration_csc 3000	3000	0.02	0.38623
addition_csr 3000	3000	0.005	0.06258
subtration_csr 3000	3000	0.005	0.06436
addition_csc 3000	3000	0.005	0.06279
subtration_csc 3000	3000	0.005	0.06447
addition_csr 3000	3000	0.01	0.14015
subtration_csr 3000	3000	0.01	0.14662
addition_csc 3000	3000	0.01	0.14338
subtration_csc 3000	3000	0.01	0.14788
addition_csr 3000	3000	0.02	0.37306
subtration_csr 3000	3000	0.02	0.38506
addition_csc 3000	3000	0.02	0.37713
subtration_csc 3000	3000	0.02	0.38689
addition_csr 3000	3000	0.005	0.06174
subtration_csr 3000	3000	0.005	0.06456
addition_csc 3000	3000	0.005	0.06207
subtration_csc 3000	3000	0.005	0.06387
addition_csr 3000	3000	0.01	0.13989
subtration_csr 3000	3000	0.01	0.14700
addition_csc 3000	3000	0.01	0.14490
subtration_csc 3000	3000	0.01	0.14838
addition_csr 3000	3000	0.02	0.37153
subtration_csr 3000	3000	0.02	0.38245
addition_csc 3000	3000	0.02	0.38208
subtration_csc 3000	3000	0.02	0.39006
addition_csr 3000	3000	0.005	0.06203
subtration_csr 3000	3000	0.005	0.06466
addition_csc 3000	3000	0.005	0.06212
subtration_csc 3000	3000	0.005	0.06409
addition_csr 3000	3000	0.01	0.14157
subtration_csr 3000	3000	0.01	0.14686
addition_csc 3000	3000	0.01	0.14395
subtration_csc 3000	3000	0.01	0.14774
addition_csr 3000	3000	0.02	0.37301
subtration_csr 3000	3000	0.02	0.38519
addition_csc 3000	3000	0.02	0.37836
subtration_csc 3000	3000	0.02	0.38901
addition_csr 3000	3000	0.005	0.06218
subtration_csr 3000	3000	0.005	0.06514
addition_csc 3000	3000	0.005	0.06305
subtration_csc 3000	3000	0.005	0.06515
addition_csr 3000	3000	0.01	0.13993
subtration_csr 3000	3000	0.01	0.14742
addition_csc 3000	3000	0.01	0.14287
subtration_csc 3000	3000	0.01	0.14781
addition_csr 3000	3000	0.02	0.37170
subtration_csr 3000	3000	0.02	0.38343
addition_csc 3000	3000	0.02	0.37691
subtration_csc 3000	3000	0.02	0.38859
addition_csr 4000	4000	0.005	0.07719
subtration_csr 4000	4000	0.005	0.06504
addition_csc 4000	4000	0.005	0.09111
subtration_csc 4000	4000	0.005	0.07869
addition_csr 4000	4000	0.01	0.15322
subtration_csr 4000	4000	0.01	0.12638
addition_csc 4000	4000	0.01	0.17909
subtration_csc 4000	4000	0.01	0.15119
addition_csr 4000	4000	0.02	0.37802
subtration_csr 4000	4000	0.02	0.33128
addition_csc 4000	4000	0.02	0.42513
subtration_csc 4000	4000	0.02	0.37250
addition_csr 4000	4000	0.005	0.11422
subtration_csr 4000	4000	0.005	0.12174
addition_csc 4000	4000	0.005	0.11878
subtration_csc 4000	4000	0.005	0.12238
addition_csr 4000	4000	0.01	0.27692
subtration_csr 4000	4000	0.01	0.28733
addition_csc 4000	4000	0.01	0.27989
subtration_csc 4000	4000	0.01	0.28905
addition_csr 4000	4000	0.02	0.78547
subtration_csr 4000	4000	0.02	0.80762
addition_csc 4000	4000	0.02	0.79415
subtration_csc 4000	4000	0.02	0.82219
addition_csr 4000	4000	0.005	0.11456
subtration_csr 4000	4000	0.005	0.12072
addition_csc 4000	4000	0.005	0.11967
subtration_csc 4000	4000	0.005	0.12368
addition_csr 4000	4000	0.01	0.27679
subtration_csr 4000	4000	0.01	0.28534
addition_csc 4000	4000	0.01	0.28195
subtration_csc 4000	4000	0.01	0.28778
addition_csr 4000	4000	0.02	0.78374
subtration_csr 4000	4000	0.02	0.80545
addition_csc 4000	4000	0.02	0.79607
subtration_csc 4000	4000	0.02	0.82203
addition_csr 4000	4000	0.005	0.11460
subtration_csr 4000	4000	0.005	0.12085
addition_csc 4000	4000	0.005	0.11834
subtration_csc 4000	4000	0.005	0.12299
addition_csr 4000	4000	0.01	0.27873
subtration_csr 4000	4000	0.01	0.28879
addition_csc 4000	4000	0.01	0.27935
subtration_csc 4000	4000	0.01	0.28817
addition_csr 4000	4000	0.02	0.78228
subtration_csr 4000	4000	0.02	0.80400
addition_csc 4000	4000	0.02	0.79201
subtration_csc 4000	4000	0.02	0.81867
addition_csr 4000	4000	0.005	0.11411
subtration_csr 4000	4000	0.005	0.12059
addition_csc 4000	4000	0.005	0.11928
subtration_csc 4000	4000	0.005	0.12166
addition_csr 4000	4000	0.01	0.28471
subtration_csr 4000	4000	0.01	0.28845
addition_csc 4000	4000	0.01	0.27922
subtration_csc 4000	4000	0.01	0.28816
addition_csr 4000	4000	0.02	0.78335
subtration_csr 4000	4000	0.02	0.80471
addition_csc 4000	4000	0.02	0.79276
subtration_csc 4000	4000	0.02	0.82127
addition_csr 4000	4000	0.005	0.11487
subtration_csr 4000	4000	0.005	0.12159
addition_csc 4000	4000	0.005	0.12040
subtration_csc 4000	4000	0.005	0.12326
addition_csr 4000	4000	0.01	0.27788
subtration_csr 4000	4000	0.01	0.28559
addition_csc 4000	4000	0.01	0.27975
subtration_csc 4000	4000	0.01	0.28984
addition_csr 4000	4000	0.02	0.78380
subtration_csr 4000	4000	0.02	0.80307
addition_csc 4000	4000	0.02	0.79517
subtration_csc 4000	4000	0.02	0.82141
addition_csr 4000	4000	0.005	0.11604
subtration_csr 4000	4000	0.005	0.12111
addition_csc 4000	4000	0.005	0.11895
subtration_csc 4000	4000	0.005	0.12218
addition_csr 4000	4000	0.01	0.27702
subtration_csr 4000	4000	0.01	0.28661
addition_csc 4000	4000	0.01	0.27953
subtration_csc 4000	4000	0.01	0.28919
addition_csr 4000	4000	0.02	0.78295
subtration_csr 4000	4000	0.02	0.80336
addition_csc 4000	4000	0.02	0.79512
subtration_csc 4000	4000	0.02	0.81868
addition_csr 4000	4000	0.005	0.11651
subtration_csr 4000	4000	0.005	0.12253
addition_csc 4000	4000	0.005	0.11922
subtration_csc 4000	4000	0.005	0.12156
addition_csr 4000	4000	0.01	0.27741
subtration_csr 4000	4000	0.01	0.28548
addition_csc 4000	4000	0.01	0.27991
subtration_csc 4000	4000	0.01	0.28892
addition_csr 4000	4000	0.02	0.78245
subtration_csr 4000	4000	0.02	0.80710
addition_csc 4000	4000	0.02	0.79446
subtration_csc 4000	4000	0.02	0.82465
addition_csr 4000	4000	0.005	0.11648
subtration_csr 4000	4000	0.005	0.12144
addition_csc 4000	4000	0.005	0.11925
subtration_csc 4000	4000	0.005	0.12217
addition_csr 4000	4000	0.01	0.28133
subtration_csr 4000	4000	0.01	0.28838
addition_csc 4000	4000	0.01	0.28057
subtration_csc 4000	4000	0.01	0.28867
addition_csr 4000	4000	0.02	0.78324
subtration_csr 4000	4000	0.02	0.80416
addition_csc 4000	4000	0.02	0.79582
subtration_csc 4000	4000	0.02	0.82372
addition_csr 4000	4000	0.005	0.11832
subtration_csr 4000	4000	0.005	0.12247
addition_csc 4000	4000	0.005	0.12085
subtration_csc 4000	4000	0.005	0.12297
addition_csr 4000	4000	0.01	0.27714
subtration_csr 4000	4000	0.01	0.28529
addition_csc 4000	4000	0.01	0.28105
subtration_csc 4000	4000	0.01	0.28721
addition_csr 4000	4000	0.02	0.78352
subtration_csr 4000	4000	0.02	0.80814
addition_csc 4000	4000	0.02	0.79421
subtration_csc 4000	4000	0.02	0.81706
addition_csr 5000	5000	0.005	0.11949
subtration_csr 5000	5000	0.005	0.10223
addition_csc 5000	5000	0.005	0.14088
subtration_csc 5000	5000	0.005	0.12078
addition_csr 5000	5000	0.01	0.24390
subtration_csr 5000	5000	0.01	0.20163
addition_csc 5000	5000	0.01	0.28336
subtration_csc 5000	5000	0.01	0.24251
addition_csr 5000	5000	0.02	0.62923
subtration_csr 5000	5000	0.02	0.55553
addition_csc 5000	5000	0.02	0.71498
subtration_csc 5000	5000	0.02	0.63301
addition_csr 5000	5000	0.005	0.19039
subtration_csr 5000	5000	0.005	0.20068
addition_csc 5000	5000	0.005	0.19365
subtration_csc 5000	5000	0.005	0.20123
addition_csr 5000	5000	0.01	0.47920
subtration_csr 5000	5000	0.01	0.49172
addition_csc 5000	5000	0.01	0.48138
subtration_csc 5000	5000	0.01	0.49495
addition_csr 5000	5000	0.02	1.40306
subtration_csr 5000	5000	0.02	1.45541
addition_csc 5000	5000	0.02	1.41925
subtration_csc 5000	5000	0.02	1.47007
addition_csr 5000	5000	0.005	0.18728
subtration_csr 5000	5000	0.005	0.19856
addition_csc 5000	5000	0.005	0.19319
subtration_csc 5000	5000	0.005	0.19982
addition_csr 5000	5000	0.01	0.47506
subtration_csr 5000	5000	0.01	0.48757
addition_csc 5000	5000	0.01	0.47976
subtration_csc 5000	5000	0.01	0.49664
addition_csr 5000	5000	0.02	1.39908
subtration_csr 5000	5000	0.02	1.44889
addition_csc 5000	5000	0.02	1.42696
subtration_csc 5000	5000	0.02	1.47632
addition_csr 5000	5000	0.005	0.18881
subtration_csr 5000	5000	0.005	0.19883
addition_csc 5000	5000	0.005	0.19274
subtration_csc 5000	5000	0.005	0.19853
addition_csr 5000	5000	0.01	0.47760
subtration_csr 5000	5000	0.01	0.48819
addition_csc 5000	5000	0.01	0.48069
subtration_csc 5000	5000	0.01	0.49386
addition_csr 5000	5000	0.02	1.39612
subtration_csr 5000	5000	0.02	1.44522
addition_csc 5000	5000	0.02	1.42372
subtration_csc 5000	5000	0.02	1.48025
addition_csr 5000	5000	0.005	0.18765
subtration_csr 5000	5000	0.005	0.19986
addition_csc 5000	5000	0.005	0.19464
subtration_csc 5000	5000	0.005	0.20144
addition_csr 5000	5000	0.01	0.48007
subtration_csr 5000	5000	0.01	0.49398
addition_csc 5000	5000	0.01	0.48095
subtration_csc 5000	5000	0.01	0.49620
addition_csr 5000	5000	0.02	1.39755
subtration_csr 5000	5000	0.02	1.44586
addition_csc 5000	5000	0.02	1.42243
subtration_csc 5000	5000	0.02	1.47189
addition_csr 5000	5000	0.005	0.19029
subtration_csr 5000	5000	0.005	0.20119
addition_csc 5000	5000	0.005	0.19371
subtration_csc 5000	5000	0.005	0.19974
addition_csr 5000	5000	0.01	0.47587
subtration_csr 5000	5000	0.01	0.48924
addition_csc 5000	5000	0.01	0.48192
subtration_csc 5000	5000	0.01	0.49681
addition_csr 5000	5000	0.02	1.40071
subtration_csr 5000	5000	0.02	1.44877
addition_csc 5000	5000	0.02	1.41931
subtration_csc 5000	5000	0.02	1.47001
addition_csr 5000	5000	0.005	0.18867
subtration_csr 5000	5000	0.005	0.20090
addition_csc 5000	5000	0.005	0.19530
subtration_csc 5000	5000	0.005	0.19909
addition_csr 5000	5000	0.01	0.47768
subtration_csr 5000	5000	0.01	0.49163
addition_csc 5000	5000	0.01	0.48018
subtration_csc 5000	5000	0.01	0.49307
addition_csr 5000	5000	0.02	1.41449
subtration_csr 5000	5000	0.02	1.45655
addition_csc 5000	5000	0.02	1.41706
subtration_csc 5000	5000	0.02	1.47179
addition_csr 5000	5000	0.005	0.18944
subtration_csr 5000	5000	0.005	0.20121
addition_csc 5000	5000	0.005	0.19819
subtration_csc 5000	5000	0.005	0.20416
addition_csr 5000	5000	0.01	0.47763
subtration_csr 5000	5000	0.01	0.49067
addition_csc 5000	5000	0.01	0.48054
subtration_csc 5000	5000	0.01	0.49473
addition_csr 5000	5000	0.02	1.40279
subtration_csr 5000	5000	0.02	1.44474
addition_csc 5000	5000	0.02	1.42774
subtration_csc 5000	5000	0.02	1.46916
addition_csr 5000	5000	0.005	0.18711
subtration_csr 5000	5000	0.005	0.19974
addition_csc 5000	5000	0.005	0.19329
subtration_csc 5000	5000	0.005	0.19867
addition_csr 5000	5000	0.01	0.47757
subtration_csr 5000	5000	0.01	0.48871
addition_csc 5000	5000	0.01	0.48407
subtration_csc 5000	5000	0.01	0.49455
addition_csr 5000	5000	0.02	1.39852
subtration_csr 5000	5000	0.02	1.44719
addition_csc 5000	5000	0.02	1.41859
subtration_csc 5000	5000	0.02	1.47062
addition_csr 5000	5000	0.005	0.18845
subtration_csr 5000	5000	0.005	0.19910
addition_csc 5000	5000	0.005	0.19325
subtration_csc 5000	5000	0.005	0.20011
addition_csr 5000	5000	0.01	0.47945
subtration_csr 5000	5000	0.01	0.53737
addition_csc 5000	5000	0.01	0.48038
subtration_csc 5000	5000	0.01	0.49292
addition_csr 5000	5000	0.02	1.41026
subtration_csr 5000	5000	0.02	1.45832
addition_csc 5000	5000	0.02	1.42366
subtration_csc 5000	5000	0.02	1.47407
addition_csr 6000	6000	0.005	0.17133
subtration_csr 6000	6000	0.005	0.14499
addition_csc 6000	6000	0.005	0.20258
subtration_csc 6000	6000	0.005	0.17252
addition_csr 6000	6000	0.01	0.36571
subtration_csr 6000	6000	0.01	0.30961
addition_csc 6000	6000	0.01	0.42202
subtration_csc 6000	6000	0.01	0.36541
addition_csr 6000	6000	0.02	0.96932
subtration_csr 6000	6000	0.02	0.85752
addition_csc 6000	6000	0.02	1.08482
subtration_csc 6000	6000	0.02	0.96857
addition_csr 6000	6000	0.005	0.28144
subtration_csr 6000	6000	0.005	0.29565
addition_csc 6000	6000	0.005	0.28909
subtration_csc 6000	6000	0.005	0.29642
addition_csr 6000	6000	0.01	0.75270
subtration_csr 6000	6000	0.01	0.76402
addition_csc 6000	6000	0.01	0.74909
subtration_csc 6000	6000	0.01	0.76826
addition_csr 6000	6000	0.02	2.26320
subtration_csr 6000	6000	0.02	2.31670
addition_csc 6000	6000	0.02	2.28726
subtration_csc 6000	6000	0.02	2.34961
addition_csr 6000	6000	0.005	0.28221
subtration_csr 6000	6000	0.005	0.29655
addition_csc 6000	6000	0.005	0.28884
subtration_csc 6000	6000	0.005	0.29733
addition_csr 6000	6000	0.01	0.74801
subtration_csr 6000	6000	0.01	0.76190
addition_csc 6000	6000	0.01	0.74776
subtration_csc 6000	6000	0.01	0.76968
addition_csr 6000	6000	0.02	2.26314
subtration_csr 6000	6000	0.02	2.31335
addition_csc 6000	6000	0.02	2.29574
subtration_csc 6000	6000	0.02	2.34753
addition_csr 6000	6000	0.005	0.28452
subtration_csr 6000	6000	0.005	0.29598
addition_csc 6000	6000	0.005	0.28921
subtration_csc 6000	6000	0.005	0.29674
addition_csr 6000	6000	0.01	0.75035
subtration_csr 6000	6000	0.01	0.76454
addition_csc 6000	6000	0.01	0.75191
subtration_csc 6000	6000	0.01	0.77421
addition_csr 6000	6000	0.02	2.26104
subtration_csr 6000	6000	0.02	2.31806
addition_csc 6000	6000	0.02	2.30760
subtration_csc 6000	6000	0.02	2.36331
addition_csr 6000	6000	0.005	0.28347
subtration_csr 6000	6000	0.005	0.29655
addition_csc 6000	6000	0.005	0.28913
subtration_csc 6000	6000	0.005	0.29706
addition_csr 6000	6000	0.01	0.74646
subtration_csr 6000	6000	0.01	0.76037
addition_csc 6000	6000	0.01	0.74882
subtration_csc 6000	6000	0.01	0.76870
addition_csr 6000	6000	0.02	2.26042
subtration_csr 6000	6000	0.02	2.31410
addition_csc 6000	6000	0.02	2.28747
subtration_csc 6000	6000	0.02	2.34774
addition_csr 6000	6000	0.005	0.28187
subtration_csr 6000	6000	0.005	0.29949
addition_csc 6000	6000	0.005	0.29025
subtration_csc 6000	6000	0.005	0.29871
addition_csr 6000	6000	0.01	0.74808
subtration_csr 6000	6000	0.01	0.76163
addition_csc 6000	6000	0.01	0.74835
subtration_csc 6000	6000	0.01	0.76988
addition_csr 6000	6000	0.02	2.26179
subtration_csr 6000	6000	0.02	2.31363
addition_csc 6000	6000	0.02	2.29159
subtration_csc 6000	6000	0.02	2.35353
addition_csr 6000	6000	0.005	0.28524
subtration_csr 6000	6000	0.005	0.29712
addition_csc 6000	6000	0.005	0.28997
subtration_csc 6000	6000	0.005	0.29788
addition_csr 6000	6000	0.01	0.75138
subtration_csr 6000	6000	0.01	0.76556
addition_csc 6000	6000	0.01	0.74778
subtration_csc 6000	6000	0.01	0.77078
addition_csr 6000	6000	0.02	2.25856
subtration_csr 6000	6000	0.02	2.31067
addition_csc 6000	6000	0.02	2.28579
subtration_csc 6000	6000	0.02	2.34723
addition_csr 6000	6000	0.005	0.28706
subtration_csr 6000	6000	0.005	0.30135
addition_csc 6000	6000	0.005	0.29121
subtration_csc 6000	6000	0.005	0.29899
addition_csr 6000	6000	0.01	0.75327
subtration_csr 6000	6000	0.01	0.76579
addition_csc 6000	6000	0.01	0.75086
subtration_csc 6000	6000	0.01	0.76932
addition_csr 6000	6000	0.02	2.25974
subtration_csr 6000	6000	0.02	2.31751
addition_csc 6000	6000	0.02	2.29413
subtration_csc 6000	6000	0.02	2.35523
addition_csr 6000	6000	0.005	0.28821
subtration_csr 6000	6000	0.005	0.29759
addition_csc 6000	6000	0.005	0.29037
subtration_csc 6000	6000	0.005	0.29918
addition_csr 6000	6000	0.01	0.74933
subtration_csr 6000	6000	0.01	0.76462
addition_csc 6000	6000	0.01	0.74964
subtration_csc 6000	6000	0.01	0.77157
addition_csr 6000	6000	0.02	2.26715
subtration_csr 6000	6000	0.02	2.31740
addition_csc 6000	6000	0.02	2.29607
subtration_csc 6000	6000	0.02	2.35169
addition_csr 6000	6000	0.005	0.28259
subtration_csr 6000	6000	0.005	0.29736
addition_csc 6000	6000	0.005	0.28911
subtration_csc 6000	6000	0.005	0.29676
addition_csr 6000	6000	0.01	0.75341
subtration_csr 6000	6000	0.01	0.76904
addition_csc 6000	6000	0.01	0.75265
subtration_csc 6000	6000	0.01	0.77415
addition_csr 6000	6000	0.02	2.26374
subtration_csr 6000	6000	0.02	2.31137
addition_csc 6000	6000	0.02	2.28908
subtration_csc 6000	6000	0.02	2.34555
addition_csr 7000	7000	0.005	0.23658
subtration_csr 7000	7000	0.005	0.19309
addition_csc 7000	7000	0.005	0.27151
subtration_csc 7000	7000	0.005	0.24403
addition_csr 7000	7000	0.01	0.53376
subtration_csr 7000	7000	0.01	0.45991
addition_csc 7000	7000	0.01	0.61634
subtration_csc 7000	7000	0.01	0.53080
addition_csr 7000	7000	0.02	1.39179
subtration_csr 7000	7000	0.02	1.23536
addition_csc 7000	7000	0.02	1.54696
subtration_csc 7000	7000	0.02	1.38527
addition_csr 7000	7000	0.005	0.40477
subtration_csr 7000	7000	0.005	0.41764
addition_csc 7000	7000	0.005	0.41057
subtration_csc 7000	7000	0.005	0.42055
addition_csr 7000	7000	0.01	1.11717
subtration_csr 7000	7000	0.01	1.13797
addition_csc 7000	7000	0.01	1.12112
subtration_csc 7000	7000	0.01	1.14953
addition_csr 7000	7000	0.02	3.40407
subtration_csr 7000	7000	0.02	3.46939
addition_csc 7000	7000	0.02	3.42428
subtration_csc 7000	7000	0.02	3.51935
addition_csr 7000	7000	0.005	0.40583
subtration_csr 7000	7000	0.005	0.41873
addition_csc 7000	7000	0.005	0.41064
subtration_csc 7000	7000	0.005	0.41988
addition_csr 7000	7000	0.01	1.11825
subtration_csr 7000	7000	0.01	1.13740
addition_csc 7000	7000	0.01	1.11739
subtration_csc 7000	7000	0.01	1.14613
addition_csr 7000	7000	0.02	3.40767
subtration_csr 7000	7000	0.02	3.46991
addition_csc 7000	7000	0.02	3.42780
subtration_csc 7000	7000	0.02	3.51469
addition_csr 7000	7000	0.005	0.40395
subtration_csr 7000	7000	0.005	0.41879
addition_csc 7000	7000	0.005	0.41093
subtration_csc 7000	7000	0.005	0.42155
addition_csr 7000	7000	0.01	1.11614
subtration_csr 7000	7000	0.01	1.13964
addition_csc 7000	7000	0.01	1.11834
subtration_csc 7000	7000	0.01	1.15164
addition_csr 7000	7000	0.02	3.41219
subtration_csr 7000	7000	0.02	3.47130
addition_csc 7000	7000	0.02	3.43358
subtration_csc 7000	7000	0.02	3.53087
addition_csr 7000	7000	0.005	0.40709
subtration_csr 7000	7000	0.005	0.42017
addition_csc 7000	7000	0.005	0.41044
subtration_csc 7000	7000	0.005	0.42326
addition_csr 7000	7000	0.01	1.11433
subtration_csr 7000	7000	0.01	1.13633
addition_csc 7000	7000	0.01	1.12446
subtration_csc 7000	7000	0.01	1.15234
addition_csr 7000	7000	0.02	3.40519
subtration_csr 7000	7000	0.02	3.46822
addition_csc 7000	7000	0.02	3.42286
subtration_csc 7000	7000	0.02	3.51336
addition_csr 7000	7000	0.005	0.40768
subtration_csr 7000	7000	0.005	0.41843
addition_csc 7000	7000	0.005	0.41014
subtration_csc 7000	7000	0.005	0.42209
addition_csr 7000	7000	0.01	1.11316
subtration_csr 7000	7000	0.01	1.13401
addition_csc 7000	7000	0.01	1.15298
subtration_csc 7000	7000	0.01	1.18173
addition_csr 7000	7000	0.02	3.43798
subtration_csr 7000	7000	0.02	3.47355
addition_csc 7000	7000	0.02	3.42005
subtration_csc 7000	7000	0.02	3.51061
addition_csr 7000	7000	0.005	0.40510
subtration_csr 7000	7000	0.005	0.41870
addition_csc 7000	7000	0.005	0.41118
subtration_csc 7000	7000	0.005	0.42401
addition_csr 7000	7000	0.01	1.11602
subtration_csr 7000	7000	0.01	1.13597
addition_csc 7000	7000	0.01	1.11671
subtration_csc 7000	7000	0.01	1.14693
addition_csr 7000	7000	0.02	3.41122
subtration_csr 7000	7000	0.02	3.48900
addition_csc 7000	7000	0.02	3.43979
subtration_csc 7000	7000	0.02	3.51969
addition_csr 7000	7000	0.005	0.40504
subtration_csr 7000	7000	0.005	0.41850
addition_csc 7000	7000	0.005	0.41006
subtration_csc 7000	7000	0.005	0.42305
addition_csr 7000	7000	0.01	1.11769
subtration_csr 7000	7000	0.01	1.14085
addition_csc 7000	7000	0.01	1.12109
subtration_csc 7000	7000	0.01	1.14898
addition_csr 7000	7000	0.02	3.50224
subtration_csr 7000	7000	0.02	3.48380
addition_csc 7000	7000	0.02	3.42948
subtration_csc 7000	7000	0.02	3.52069
addition_csr 7000	7000	0.005	0.40725
subtration_csr 7000	7000	0.005	0.42047
addition_csc 7000	7000	0.005	0.41013
subtration_csc 7000	7000	0.005	0.42236
addition_csr 7000	7000	0.01	1.11588
subtration_csr 7000	7000	0.01	1.13631
addition_csc 7000	7000	0.01	1.11662
subtration_csc 7000	7000	0.01	1.14704
addition_csr 7000	7000	0.02	3.47044
subtration_csr 7000	7000	0.02	3.53307
addition_csc 7000	7000	0.02	3.43276
subtration_csc 7000	7000	0.02	3.51618
addition_csr 7000	7000	0.005	0.40348
subtration_csr 7000	7000	0.005	0.42051
addition_csc 7000	7000	0.005	0.40882
subtration_csc 7000	7000	0.005	0.42235
addition_csr 7000	7000	0.01	1.11477
subtration_csr 7000	7000	0.01	1.13385
addition_csc 7000	7000	0.01	1.11386
subtration_csc 7000	7000	0.01	1.14776
addition_csr 7000	7000	0.02	3.40544
subtration_csr 7000	7000	0.02	3.48219
addition_csc 7000	7000	0.02	3.43376
subtration_csc 7000	7000	0.02	3.51509
addition_csr 8000	8000	0.005	0.30883
subtration_csr 8000	8000	0.005	0.25400
addition_csc 8000	8000	0.005	0.35398
subtration_csc 8000	8000	0.005	0.30313
addition_csr 8000	8000	0.01	0.74621
subtration_csr 8000	8000	0.01	0.64990
addition_csc 8000	8000	0.01	0.84880
subtration_csc 8000	8000	0.01	0.74562
addition_csr 8000	8000	0.02	1.94181
subtration_csr 8000	8000	0.02	1.71984
addition_csc 8000	8000	0.02	2.13496
subtration_csc 8000	8000	0.02	1.92328
addition_csr 8000	8000	0.005	0.55985
subtration_csr 8000	8000	0.005	0.57468
addition_csc 8000	8000	0.005	0.56124
subtration_csc 8000	8000	0.005	0.58097
addition_csr 8000	8000	0.01	1.57635
subtration_csr 8000	8000	0.01	1.63774
addition_csc 8000	8000	0.01	1.60949
subtration_csc 8000	8000	0.01	1.65404
addition_csr 8000	8000	0.02	4.92529
subtration_csr 8000	8000	0.02	5.00700
addition_csc 8000	8000	0.02	5.06291
subtration_csc 8000	8000	0.02	5.20105
addition_csr 8000	8000	0.005	0.55867
subtration_csr 8000	8000	0.005	0.57460
addition_csc 8000	8000	0.005	0.56484
subtration_csc 8000	8000	0.005	0.58435
addition_csr 8000	8000	0.01	1.57634
subtration_csr 8000	8000	0.01	1.63496
addition_csc 8000	8000	0.01	1.60052
subtration_csc 8000	8000	0.01	1.64407
addition_csr 8000	8000	0.02	4.90305
subtration_csr 8000	8000	0.02	5.01309
addition_csc 8000	8000	0.02	4.95430
subtration_csc 8000	8000	0.02	5.08248
addition_csr 8000	8000	0.005	0.55877
subtration_csr 8000	8000	0.005	0.57468
addition_csc 8000	8000	0.005	0.56196
subtration_csc 8000	8000	0.005	0.58007
addition_csr 8000	8000	0.01	1.57864
subtration_csr 8000	8000	0.01	1.63507
addition_csc 8000	8000	0.01	1.60338
subtration_csc 8000	8000	0.01	1.64453
addition_csr 8000	8000	0.02	5.04393
subtration_csr 8000	8000	0.02	5.00035
addition_csc 8000	8000	0.02	4.93974
subtration_csc 8000	8000	0.02	5.07167
addition_csr 8000	8000	0.005	0.55975
subtration_csr 8000	8000	0.005	0.57410
addition_csc 8000	8000	0.005	0.56550
subtration_csc 8000	8000	0.005	0.58196
addition_csr 8000	8000	0.01	1.57826
subtration_csr 8000	8000	0.01	1.63913
addition_csc 8000	8000	0.01	1.59723
subtration_csc 8000	8000	0.01	1.64526
addition_csr 8000	8000	0.02	4.90137
subtration_csr 8000	8000	0.02	4.98939
addition_csc 8000	8000	0.02	4.93620
subtration_csc 8000	8000	0.02	5.08295
addition_csr 8000	8000	0.005	0.55836
subtration_csr 8000	8000	0.005	0.57447
addition_csc 8000	8000	0.005	0.56398
subtration_csc 8000	8000	0.005	0.58277
addition_csr 8000	8000	0.01	1.57533
subtration_csr 8000	8000	0.01	1.62785
addition_csc 8000	8000	0.01	1.60073
subtration_csc 8000	8000	0.01	1.64779
addition_csr 8000	8000	0.02	4.91776
subtration_csr 8000	8000	0.02	5.01463
addition_csc 8000	8000	0.02	4.93771
subtration_csc 8000	8000	0.02	5.08500
addition_csr 8000	8000	0.005	0.56008
subtration_csr 8000	8000	0.005	0.57634
addition_csc 8000	8000	0.005	0.56282
subtration_csc 8000	8000	0.005	0.58187
addition_csr 8000	8000	0.01	1.57784
subtration_csr 8000	8000	0.01	1.63970
addition_csc 8000	8000	0.01	1.59697
subtration_csc 8000	8000	0.01	1.64399
addition_csr 8000	8000	0.02	4.92965
subtration_csr 8000	8000	0.02	6.46568
addition_csc 8000	8000	0.02	4.93577
subtration_csc 8000	8000	0.02	5.06856
addition_csr 8000	8000	0.005	0.56302
subtration_csr 8000	8000	0.005	0.57714
addition_csc 8000	8000	0.005	0.56711
subtration_csc 8000	8000	0.005	0.58186
addition_csr 8000	8000	0.01	1.59020
subtration_csr 8000	8000	0.01	1.64779
addition_csc 8000	8000	0.01	1.59960
subtration_csc 8000	8000	0.01	1.64721
addition_csr 8000	8000	0.02	4.91610
subtration_csr 8000	8000	0.02	5.00747
addition_csc 8000	8000	0.02	4.94288
subtration_csc 8000	8000	0.02	5.07467
addition_csr 8000	8000	0.005	0.56472
subtration_csr 8000	8000	0.005	0.57952
addition_csc 8000	8000	0.005	0.56524
subtration_csc 8000	8000	0.005	0.58161
addition_csr 8000	8000	0.01	1.57419
subtration_csr 8000	8000	0.01	1.63541
addition_csc 8000	8000	0.01	1.59802
subtration_csc 8000	8000	0.01	1.64596
addition_csr 8000	8000	0.02	4.91497
subtration_csr 8000	8000	0.02	5.00550
addition_csc 8000	8000	0.02	4.93820
subtration_csc 8000	8000	0.02	5.08077
addition_csr 8000	8000	0.005	0.55757
subtration_csr 8000	8000	0.005	0.57942
addition_csc 8000	8000	0.005	0.56538
subtration_csc 8000	8000	0.005	0.58226
addition_csr 8000	8000	0.01	1.57614
subtration_csr 8000	8000	0.01	1.64264
addition_csc 8000	8000	0.01	1.60350
subtration_csc 8000	8000	0.01	1.64923
addition_csr 8000	8000	0.02	4.91430
subtration_csr 8000	8000	0.02	5.00151
addition_csc 8000	8000	0.02	4.93530
subtration_csc 8000	8000	0.02	5.06619
addition_csr 9000	9000	0.005	0.39260
subtration_csr 9000	9000	0.005	0.32472
addition_csc 9000	9000	0.005	0.45155
subtration_csc 9000	9000	0.005	0.38394
addition_csr 9000	9000	0.01	0.98628
subtration_csr 9000	9000	0.01	0.86873
addition_csc 9000	9000	0.01	1.11983
subtration_csc 9000	9000	0.01	0.99245
addition_csr 9000	9000	0.02	2.58361
subtration_csr 9000	9000	0.02	2.30503
addition_csc 9000	9000	0.02	2.82571
subtration_csc 9000	9000	0.02	2.63195
addition_csr 9000	9000	0.005	0.74220
subtration_csr 9000	9000	0.005	0.76419
addition_csc 9000	9000	0.005	0.74198
subtration_csc 9000	9000	0.005	0.76396
addition_csr 9000	9000	0.01	2.15303
subtration_csr 9000	9000	0.01	2.22331
addition_csc 9000	9000	0.01	2.18249
subtration_csc 9000	9000	0.01	2.24635
addition_csr 9000	9000	0.02	6.82406
subtration_csr 9000	9000	0.02	6.91538
addition_csc 9000	9000	0.02	6.85669
subtration_csc 9000	9000	0.02	6.98420
addition_csr 9000	9000	0.005	0.74286
subtration_csr 9000	9000	0.005	0.75945
addition_csc 9000	9000	0.005	0.75141
subtration_csc 9000	9000	0.005	0.77525
addition_csr 9000	9000	0.01	2.14897
subtration_csr 9000	9000	0.01	2.20997
addition_csc 9000	9000	0.01	2.18309
subtration_csc 9000	9000	0.01	2.25051
addition_csr 9000	9000	0.02	6.82196
subtration_csr 9000	9000	0.02	6.91389
addition_csc 9000	9000	0.02	6.83990
subtration_csc 9000	9000	0.02	6.97870
addition_csr 9000	9000	0.005	0.73865
subtration_csr 9000	9000	0.005	0.75787
addition_csc 9000	9000	0.005	0.74536
subtration_csc 9000	9000	0.005	0.76857
addition_csr 9000	9000	0.01	2.13988
subtration_csr 9000	9000	0.01	2.21735
addition_csc 9000	9000	0.01	2.18219
subtration_csc 9000	9000	0.01	2.23568
addition_csr 9000	9000	0.02	6.81187
subtration_csr 9000	9000	0.02	6.89456
addition_csc 9000	9000	0.02	6.83748
subtration_csc 9000	9000	0.02	6.97221
addition_csr 9000	9000	0.005	0.74599
subtration_csr 9000	9000	0.005	0.76468
addition_csc 9000	9000	0.005	0.74660
subtration_csc 9000	9000	0.005	0.76605
addition_csr 9000	9000	0.01	2.15303
subtration_csr 9000	9000	0.01	2.21579
addition_csc 9000	9000	0.01	2.18141
subtration_csc 9000	9000	0.01	2.23844
addition_csr 9000	9000	0.02	6.80864
subtration_csr 9000	9000	0.02	6.90666
addition_csc 9000	9000	0.02	6.85982
subtration_csc 9000	9000	0.02	6.98298
addition_csr 9000	9000	0.005	0.74109
subtration_csr 9000	9000	0.005	0.76362
addition_csc 9000	9000	0.005	0.74572
subtration_csc 9000	9000	0.005	0.76725
addition_csr 9000	9000	0.01	2.14977
subtration_csr 9000	9000	0.01	2.20947
addition_csc 9000	9000	0.01	2.18514
subtration_csc 9000	9000	0.01	2.24078
addition_csr 9000	9000	0.02	6.81593
subtration_csr 9000	9000	0.02	6.91562
addition_csc 9000	9000	0.02	6.83995
subtration_csc 9000	9000	0.02	6.98176
addition_csr 9000	9000	0.005	0.74629
subtration_csr 9000	9000	0.005	0.76468
addition_csc 9000	9000	0.005	0.74682
subtration_csc 9000	9000	0.005	0.77187
addition_csr 9000	9000	0.01	2.16542
subtration_csr 9000	9000	0.01	2.22303
addition_csc 9000	9000	0.01	2.17913
subtration_csc 9000	9000	0.01	2.23641
addition_csr 9000	9000	0.02	6.78312
subtration_csr 9000	9000	0.02	6.88431
addition_csc 9000	9000	0.02	6.84726
subtration_csc 9000	9000	0.02	6.98723
addition_csr 9000	9000	0.005	0.73786
subtration_csr 9000	9000	0.005	0.75808
addition_csc 9000	9000	0.005	0.74553
subtration_csc 9000	9000	0.005	0.76934
addition_csr 9000	9000	0.01	2.14803
subtration_csr 9000	9000	0.01	2.20491
addition_csc 9000	9000	0.01	2.18720
subtration_csc 9000	9000	0.01	2.25167
addition_csr 9000	9000	0.02	6.84027
subtration_csr 9000	9000	0.02	6.92370
addition_csc 9000	9000	0.02	6.85660
subtration_csc 9000	9000	0.02	7.00061
addition_csr 9000	9000	0.005	0.74220
subtration_csr 9000	9000	0.005	0.76432
addition_csc 9000	9000	0.005	0.74600
subtration_csc 9000	9000	0.005	0.76844
addition_csr 9000	9000	0.01	2.15878
subtration_csr 9000	9000	0.01	2.21978
addition_csc 9000	9000	0.01	2.17910
subtration_csc 9000	9000	0.01	2.23429
addition_csr 9000	9000	0.02	6.80729
subtration_csr 9000	9000	0.02	6.89223
addition_csc 9000	9000	0.02	6.83528
subtration_csc 9000	9000	0.02	6.96900
addition_csr 9000	9000	0.005	0.73962
subtration_csr 9000	9000	0.005	0.75846
addition_csc 9000	9000	0.005	0.74603
subtration_csc 9000	9000	0.005	0.76708
addition_csr 9000	9000	0.01	2.14765
subtration_csr 9000	9000	0.01	2.22010
addition_csc 9000	9000	0.01	2.18019
subtration_csc 9000	9000	0.01	2.23421
addition_csr 9000	9000	0.02	6.81111
subtration_csr 9000	9000	0.02	6.91649
addition_csc 9000	9000	0.02	6.87816
subtration_csc 9000	9000	0.02	6.98666
addition_csr 10000	10000	0.005	0.49180
subtration_csr 10000	10000	0.005	0.40436
addition_csc 10000	10000	0.005	0.55937
subtration_csc 10000	10000	0.005	0.48295
addition_csr 10000	10000	0.01	1.27645
subtration_csr 10000	10000	0.01	1.12772
addition_csc 10000	10000	0.01	1.42714
subtration_csc 10000	10000	0.01	1.26466
addition_csr 10000	10000	0.02	3.35494
subtration_csr 10000	10000	0.02	3.01416
addition_csc 10000	10000	0.02	3.69184
subtration_csc 10000	10000	0.02	3.34904
addition_csr 10000	10000	0.005	0.95615
subtration_csr 10000	10000	0.005	0.98046
addition_csc 10000	10000	0.005	0.95620
subtration_csc 10000	10000	0.005	0.98825
addition_csr 10000	10000	0.01	2.82193
subtration_csr 10000	10000	0.01	2.90744
addition_csc 10000	10000	0.01	2.85438
subtration_csc 10000	10000	0.01	2.94138
addition_csr 10000	10000	0.02	9.17362
subtration_csr 10000	10000	0.02	9.29519
addition_csc 10000	10000	0.02	9.36157
subtration_csc 10000	10000	0.02	9.52712
addition_csr 10000	10000	0.005	0.96642
subtration_csr 10000	10000	0.005	0.98314
addition_csc 10000	10000	0.005	0.95612
subtration_csc 10000	10000	0.005	0.98602
addition_csr 10000	10000	0.01	2.82334
subtration_csr 10000	10000	0.01	2.91740
addition_csc 10000	10000	0.01	2.87460
subtration_csc 10000	10000	0.01	2.94833
addition_csr 10000	10000	0.02	9.09193
subtration_csr 10000	10000	0.02	9.22071
addition_csc 10000	10000	0.02	9.13762
subtration_csc 10000	10000	0.02	9.32485
addition_csr 10000	10000	0.005	0.98308
subtration_csr 10000	10000	0.005	0.97673
addition_csc 10000	10000	0.005	0.95820
subtration_csc 10000	10000	0.005	0.98332
addition_csr 10000	10000	0.01	2.82748
subtration_csr 10000	10000	0.01	2.92651
addition_csc 10000	10000	0.01	2.88958
subtration_csc 10000	10000	0.01	2.96209
addition_csr 10000	10000	0.02	9.13427
subtration_csr 10000	10000	0.02	9.24114
addition_csc 10000	10000	0.02	9.17049
subtration_csc 10000	10000	0.02	9.33639
addition_csr 10000	10000	0.005	0.95282
subtration_csr 10000	10000	0.005	0.97691
addition_csc 10000	10000	0.005	0.95806
subtration_csc 10000	10000	0.005	0.98930
addition_csr 10000	10000	0.01	2.82514
subtration_csr 10000	10000	0.01	2.91868
addition_csc 10000	10000	0.01	2.86680
subtration_csc 10000	10000	0.01	2.94852
addition_csr 10000	10000	0.02	9.14867
subtration_csr 10000	10000	0.02	9.24155
addition_csc 10000	10000	0.02	9.13274
subtration_csc 10000	10000	0.02	9.32719
addition_csr 10000	10000	0.005	0.95107
subtration_csr 10000	10000	0.005	0.97363
addition_csc 10000	10000	0.005	0.95600
subtration_csc 10000	10000	0.005	0.98744
addition_csr 10000	10000	0.01	2.83515
subtration_csr 10000	10000	0.01	2.92185
addition_csc 10000	10000	0.01	2.86626
subtration_csc 10000	10000	0.01	2.95754
addition_csr 10000	10000	0.02	9.12615
subtration_csr 10000	10000	0.02	9.20818
addition_csc 10000	10000	0.02	9.20534
subtration_csc 10000	10000	0.02	9.33364
addition_csr 10000	10000	0.005	0.95230
subtration_csr 10000	10000	0.005	0.97504
addition_csc 10000	10000	0.005	0.95441
subtration_csc 10000	10000	0.005	0.98816
addition_csr 10000	10000	0.01	2.82046
subtration_csr 10000	10000	0.01	2.92745
addition_csc 10000	10000	0.01	2.86507
subtration_csc 10000	10000	0.01	2.94905
addition_csr 10000	10000	0.02	9.12485
subtration_csr 10000	10000	0.02	9.20933
addition_csc 10000	10000	0.02	9.13964
subtration_csc 10000	10000	0.02	9.30998
addition_csr 10000	10000	0.005	0.95237
subtration_csr 10000	10000	0.005	0.97455
addition_csc 10000	10000	0.005	0.95767
subtration_csc 10000	10000	0.005	0.98888
addition_csr 10000	10000	0.01	2.82469
subtration_csr 10000	10000	0.01	2.91078
addition_csc 10000	10000	0.01	2.86866
subtration_csc 10000	10000	0.01	2.95760
addition_csr 10000	10000	0.02	9.13803
subtration_csr 10000	10000	0.02	9.23247
addition_csc 10000	10000	0.02	9.12885
subtration_csc 10000	10000	0.02	9.34964
addition_csr 10000	10000	0.005	0.95303
subtration_csr 10000	10000	0.005	0.97885
addition_csc 10000	10000	0.005	0.96066
subtration_csc 10000	10000	0.005	0.98249
addition_csr 10000	10000	0.01	2.82462
subtration_csr 10000	10000	0.01	2.91565
addition_csc 10000	10000	0.01	2.86223
subtration_csc 10000	10000	0.01	2.94542
addition_csr 10000	10000	0.02	9.14309
subtration_csr 10000	10000	0.02	9.22285
addition_csc 10000	10000	0.02	9.14344
subtration_csc 10000	10000	0.02	9.31839
addition_csr 11000	11000	0.005	0.61332
subtration_csr 11000	11000	0.005	0.51416
addition_csc 11000	11000	0.005	0.69366
subtration_csc 11000	11000	0.005	0.59448
addition_csr 11000	11000	0.01	1.59569
subtration_csr 11000	11000	0.01	1.40715
addition_csc 11000	11000	0.01	1.78581
subtration_csc 11000	11000	0.01	1.57939
addition_csr 11000	11000	0.02	4.25363
subtration_csr 11000	11000	0.02	3.85439
addition_csc 11000	11000	0.02	4.67598
subtration_csc 11000	11000	0.02	4.26744
addition_csr 11000	11000	0.005	1.22563
subtration_csr 11000	11000	0.005	1.25226
addition_csc 11000	11000	0.005	1.21304
subtration_csc 11000	11000	0.005	1.25962
addition_csr 11000	11000	0.01	3.69455
subtration_csr 11000	11000	0.01	3.79888
addition_csc 11000	11000	0.01	3.66284
subtration_csc 11000	11000	0.01	3.76417
addition_csr 11000	11000	0.02	11.86657
subtration_csr 11000	11000	0.02	11.98658
addition_csc 11000	11000	0.02	11.89154
subtration_csc 11000	11000	0.02	12.10854
addition_csr 11000	11000	0.005	1.22359
subtration_csr 11000	11000	0.005	1.24413
addition_csc 11000	11000	0.005	1.24534
subtration_csc 11000	11000	0.005	1.28435
addition_csr 11000	11000	0.01	3.62768
subtration_csr 11000	11000	0.01	3.72238
addition_csc 11000	11000	0.01	3.69057
subtration_csc 11000	11000	0.01	3.80407
addition_csr 11000	11000	0.02	11.87090
subtration_csr 11000	11000	0.02	12.00491
addition_csc 11000	11000	0.02	11.89023
subtration_csc 11000	11000	0.02	12.10986
addition_csr 11000	11000	0.005	1.22497
subtration_csr 11000	11000	0.005	1.25266
addition_csc 11000	11000	0.005	1.21335
subtration_csc 11000	11000	0.005	1.24718
addition_csr 11000	11000	0.01	3.63638
subtration_csr 11000	11000	0.01	3.73406
addition_csc 11000	11000	0.01	3.68037
subtration_csc 11000	11000	0.01	3.77278
addition_csr 11000	11000	0.02	11.84414
subtration_csr 11000	11000	0.02	11.96139
addition_csc 11000	11000	0.02	11.88676
subtration_csc 11000	11000	0.02	12.10760
addition_csr 11000	11000	0.005	1.22132
subtration_csr 11000	11000	0.005	1.24817
addition_csc 11000	11000	0.005	1.21318
subtration_csc 11000	11000	0.005	1.25958
addition_csr 11000	11000	0.01	3.62585
subtration_csr 11000	11000	0.01	3.72477
addition_csc 11000	11000	0.01	3.67152
subtration_csc 11000	11000	0.01	3.77327
addition_csr 11000	11000	0.02	11.87036
subtration_csr 11000	11000	0.02	11.95046
addition_csc 11000	11000	0.02	11.89650
subtration_csc 11000	11000	0.02	12.08984
addition_csr 11000	11000	0.005	1.22031
subtration_csr 11000	11000	0.005	1.24999
addition_csc 11000	11000	0.005	1.21551
subtration_csc 11000	11000	0.005	1.25180
addition_csr 11000	11000	0.01	3.65858
subtration_csr 11000	11000	0.01	3.73814
addition_csc 11000	11000	0.01	3.67783
subtration_csc 11000	11000	0.01	3.76938
addition_csr 11000	11000	0.02	11.85455
subtration_csr 11000	11000	0.02	11.96229
addition_csc 11000	11000	0.02	11.90124
subtration_csc 11000	11000	0.02	12.13025
addition_csr 11000	11000	0.005	1.22560
subtration_csr 11000	11000	0.005	1.24697
addition_csc 11000	11000	0.005	1.22220
subtration_csc 11000	11000	0.005	1.24548
addition_csr 11000	11000	0.01	3.63945
subtration_csr 11000	11000	0.01	3.72740
addition_csc 11000	11000	0.01	3.68044
subtration_csc 11000	11000	0.01	3.77948
addition_csr 11000	11000	0.02	11.87947
subtration_csr 11000	11000	0.02	11.94705
addition_csc 11000	11000	0.02	11.91102
subtration_csc 11000	11000	0.02	12.10332
addition_csr 11000	11000	0.005	1.22787
subtration_csr 11000	11000	0.005	1.25619
addition_csc 11000	11000	0.005	1.21782
subtration_csc 11000	11000	0.005	1.24840
addition_csr 11000	11000	0.01	3.62074
subtration_csr 11000	11000	0.01	3.70803
addition_csc 11000	11000	0.01	3.70988
subtration_csc 11000	11000	0.01	3.84720
addition_csr 11000	11000	0.02	11.91520
subtration_csr 11000	11000	0.02	12.02687
addition_csc 11000	11000	0.02	12.01329
subtration_csc 11000	11000	0.02	12.16608
addition_csr 11000	11000	0.005	1.21887
subtration_csr 11000	11000	0.005	1.24556
addition_csc 11000	11000	0.005	1.21280
subtration_csc 11000	11000	0.005	1.24632
addition_csr 11000	11000	0.01	3.62004
subtration_csr 11000	11000	0.01	3.72646
addition_csc 11000	11000	0.01	3.67310
subtration_csc 11000	11000	0.01	3.76252
addition_csr 11000	11000	0.02	11.86643
subtration_csr 11000	11000	0.02	11.98893
addition_csc 11000	11000	0.02	11.87757
subtration_csc 11000	11000	0.02	12.09431
addition_csr 11000	11000	0.005	1.22616
subtration_csr 11000	11000	0.005	1.25160
addition_csc 11000	11000	0.005	1.21261
subtration_csc 11000	11000	0.005	1.24868
addition_csr 11000	11000	0.01	3.62540
subtration_csr 11000	11000	0.01	3.72884
addition_csc 11000	11000	0.01	3.65842
subtration_csc 11000	11000	0.01	3.75998
addition_csr 11000	11000	0.02	11.83214
subtration_csr 11000	11000	0.02	11.94695
addition_csc 11000	11000	0.02	11.91616
subtration_csc 11000	11000	0.02	12.12876
addition_csr 12000	12000	0.005	0.72929
subtration_csr 12000	12000	0.005	0.61588
addition_csc 12000	12000	0.005	0.84171
subtration_csc 12000	12000	0.005	0.73001
addition_csr 12000	12000	0.01	1.93743
subtration_csr 12000	12000	0.01	1.71679
addition_csc 12000	12000	0.01	2.16324
subtration_csc 12000	12000	0.01	1.93624
addition_csr 12000	12000	0.02	5.33537
subtration_csr 12000	12000	0.02	4.84360
addition_csc 12000	12000	0.02	5.84159
subtration_csc 12000	12000	0.02	5.34348
addition_csr 12000	12000	0.005	1.50853
subtration_csr 12000	12000	0.005	1.53858
addition_csc 12000	12000	0.005	1.50280
subtration_csc 12000	12000	0.005	1.54851
addition_csr 12000	12000	0.01	4.54782
subtration_csr 12000	12000	0.01	4.66006
addition_csc 12000	12000	0.01	4.59390
subtration_csc 12000	12000	0.01	4.72976
addition_csr 12000	12000	0.02	15.09251
subtration_csr 12000	12000	0.02	15.24884
addition_csc 12000	12000	0.02	15.16111
subtration_csc 12000	12000	0.02	15.43889
addition_csr 12000	12000	0.005	1.50986
subtration_csr 12000	12000	0.005	1.54021
addition_csc 12000	12000	0.005	1.50312
subtration_csc 12000	12000	0.005	1.54840
addition_csr 12000	12000	0.01	4.58270
subtration_csr 12000	12000	0.01	4.68159
addition_csc 12000	12000	0.01	4.61077
subtration_csc 12000	12000	0.01	4.74345
addition_csr 12000	12000	0.02	15.14033
subtration_csr 12000	12000	0.02	15.26787
addition_csc 12000	12000	0.02	15.33361
subtration_csc 12000	12000	0.02	15.50507
addition_csr 12000	12000	0.005	1.50512
subtration_csr 12000	12000	0.005	1.52906
addition_csc 12000	12000	0.005	1.51755
subtration_csc 12000	12000	0.005	1.56380
addition_csr 12000	12000	0.01	4.54382
subtration_csr 12000	12000	0.01	4.66353
addition_csc 12000	12000	0.01	4.61295
subtration_csc 12000	12000	0.01	4.73572
addition_csr 12000	12000	0.02	15.36281
subtration_csr 12000	12000	0.02	15.35958
addition_csc 12000	12000	0.02	15.17231
subtration_csc 12000	12000	0.02	15.40342
addition_csr 12000	12000	0.005	1.50614
subtration_csr 12000	12000	0.005	1.53465
addition_csc 12000	12000	0.005	1.49935
subtration_csc 12000	12000	0.005	1.54627
addition_csr 12000	12000	0.01	4.56209
subtration_csr 12000	12000	0.01	4.68494
addition_csc 12000	12000	0.01	4.61717
subtration_csc 12000	12000	0.01	4.74312
addition_csr 12000	12000	0.02	15.15153
subtration_csr 12000	12000	0.02	15.27368
addition_csc 12000	12000	0.02	15.17660
subtration_csc 12000	12000	0.02	15.40943
addition_csr 12000	12000	0.005	1.49868
subtration_csr 12000	12000	0.005	1.52900
addition_csc 12000	12000	0.005	1.50122
subtration_csc 12000	12000	0.005	1.54935
addition_csr 12000	12000	0.01	4.56450
subtration_csr 12000	12000	0.01	4.67486
addition_csc 12000	12000	0.01	4.61258
subtration_csc 12000	12000	0.01	4.73409
addition_csr 12000	12000	0.02	15.45520
subtration_csr 12000	12000	0.02	15.60480
addition_csc 12000	12000	0.02	15.19679
subtration_csc 12000	12000	0.02	15.41167
addition_csr 12000	12000	0.005	1.50835
subtration_csr 12000	12000	0.005	1.53497
addition_csc 12000	12000	0.005	1.50505
subtration_csc 12000	12000	0.005	1.55852
addition_csr 12000	12000	0.01	4.54425
subtration_csr 12000	12000	0.01	4.67190
addition_csc 12000	12000	0.01	4.60551
subtration_csc 12000	12000	0.01	4.72405
addition_csr 12000	12000	0.02	15.75439
subtration_csr 12000	12000	0.02	15.90425
addition_csc 12000	12000	0.02	15.26822
subtration_csc 12000	12000	0.02	15.47379
addition_csr 12000	12000	0.005	1.50567
subtration_csr 12000	12000	0.005	1.53303
addition_csc 12000	12000	0.005	1.50719
subtration_csc 12000	12000	0.005	1.54673
addition_csr 12000	12000	0.01	4.55919
subtration_csr 12000	12000	0.01	4.69763
addition_csc 12000	12000	0.01	4.62253
subtration_csc 12000	12000	0.01	4.74470
addition_csr 12000	12000	0.02	15.15769
subtration_csr 12000	12000	0.02	15.25844
addition_csc 12000	12000	0.02	15.13299
subtration_csc 12000	12000	0.02	15.43030
addition_csr 12000	12000	0.005	1.50171
subtration_csr 12000	12000	0.005	1.53494
addition_csc 12000	12000	0.005	1.50353
subtration_csc 12000	12000	0.005	1.54138
addition_csr 12000	12000	0.01	4.56633
subtration_csr 12000	12000	0.01	4.66811
addition_csc 12000	12000	0.01	4.69014
subtration_csc 12000	12000	0.01	4.82493
addition_csr 12000	12000	0.02	15.16534
subtration_csr 12000	12000	0.02	15.26613
addition_csc 12000	12000	0.02	15.16232
subtration_csc 12000	12000	0.02	15.41105
addition_csr 12000	12000	0.005	1.50943
subtration_csr 12000	12000	0.005	1.54024
addition_csc 12000	12000	0.005	1.50208
subtration_csc 12000	12000	0.005	1.54923
addition_csr 12000	12000	0.01	4.55784
subtration_csr 12000	12000	0.01	4.66480
addition_csc 12000	12000	0.01	4.58664
subtration_csc 12000	12000	0.01	4.73161
addition_csr 12000	12000	0.02	15.17771
subtration_csr 12000	12000	0.02	15.29620
addition_csc 12000	12000	0.02	15.21849
subtration_csc 12000	12000	0.02	15.45708
addition_csr 13000	13000	0.005	0.88046
subtration_csr 13000	13000	0.005	0.75354
addition_csc 13000	13000	0.005	1.01658
subtration_csc 13000	13000	0.005	0.88452
addition_csr 13000	13000	0.01	2.35555
subtration_csr 13000	13000	0.01	2.10877
addition_csc 13000	13000	0.01	2.59500
subtration_csc 13000	13000	0.01	2.33042
addition_csr 13000	13000	0.02	6.57560
subtration_csr 13000	13000	0.02	6.03734
addition_csc 13000	13000	0.02	7.33590
subtration_csc 13000	13000	0.02	6.77416
addition_csr 13000	13000	0.005	1.85383
subtration_csr 13000	13000	0.005	1.89389
addition_csc 13000	13000	0.005	1.83279
subtration_csc 13000	13000	0.005	1.89782
addition_csr 13000	13000	0.01	5.62204
subtration_csr 13000	13000	0.01	5.73566
addition_csc 13000	13000	0.01	5.65736
subtration_csc 13000	13000	0.01	5.81515
addition_csr 13000	13000	0.02	18.96727
subtration_csr 13000	13000	0.02	19.09249
addition_csc 13000	13000	0.02	18.95564
subtration_csc 13000	13000	0.02	19.26442
addition_csr 13000	13000	0.005	1.84683
subtration_csr 13000	13000	0.005	1.87574
addition_csc 13000	13000	0.005	1.83571
subtration_csc 13000	13000	0.005	1.89039
addition_csr 13000	13000	0.01	5.62555
subtration_csr 13000	13000	0.01	5.75698
addition_csc 13000	13000	0.01	5.66729
subtration_csc 13000	13000	0.01	5.82251
addition_csr 13000	13000	0.02	19.00133
subtration_csr 13000	13000	0.02	19.04781
addition_csc 13000	13000	0.02	18.99203
subtration_csc 13000	13000	0.02	19.28218
addition_csr 13000	13000	0.005	1.84068
subtration_csr 13000	13000	0.005	1.86710
addition_csc 13000	13000	0.005	1.83721
subtration_csc 13000	13000	0.005	1.89214
addition_csr 13000	13000	0.01	5.61995
subtration_csr 13000	13000	0.01	5.73654
addition_csc 13000	13000	0.01	5.77617
subtration_csc 13000	13000	0.01	5.89832
addition_csr 13000	13000	0.02	19.02796
subtration_csr 13000	13000	0.02	19.08584
addition_csc 13000	13000	0.02	18.99279
subtration_csc 13000	13000	0.02	19.31176
addition_csr 13000	13000	0.005	1.84155
subtration_csr 13000	13000	0.005	1.87421
addition_csc 13000	13000	0.005	1.83733
subtration_csc 13000	13000	0.005	1.89540
addition_csr 13000	13000	0.01	5.63671
subtration_csr 13000	13000	0.01	5.77164
addition_csc 13000	13000	0.01	5.65974
subtration_csc 13000	13000	0.01	5.80913
addition_csr 13000	13000	0.02	19.10725
subtration_csr 13000	13000	0.02	19.21649
addition_csc 13000	13000	0.02	18.96729
subtration_csc 13000	13000	0.02	19.29125
addition_csr 13000	13000	0.005	1.84457
subtration_csr 13000	13000	0.005	1.86868
addition_csc 13000	13000	0.005	1.84380
subtration_csc 13000	13000	0.005	1.90432
addition_csr 13000	13000	0.01	5.62104
subtration_csr 13000	13000	0.01	5.72651
addition_csc 13000	13000	0.01	5.66898
subtration_csc 13000	13000	0.01	5.81766
addition_csr 13000	13000	0.02	18.99867
subtration_csr 13000	13000	0.02	19.07962
addition_csc 13000	13000	0.02	19.01214
subtration_csc 13000	13000	0.02	19.31468
addition_csr 13000	13000	0.005	1.84053
subtration_csr 13000	13000	0.005	1.87329
addition_csc 13000	13000	0.005	1.83482
subtration_csc 13000	13000	0.005	1.89041
addition_csr 13000	13000	0.01	5.62067
subtration_csr 13000	13000	0.01	5.74460
addition_csc 13000	13000	0.01	5.67235
subtration_csc 13000	13000	0.01	5.81288
addition_csr 13000	13000	0.02	19.01695
subtration_csr 13000	13000	0.02	19.11497
addition_csc 13000	13000	0.02	19.62416
subtration_csc 13000	13000	0.02	19.94081
addition_csr 13000	13000	0.005	1.83864
subtration_csr 13000	13000	0.005	1.86788
addition_csc 13000	13000	0.005	1.84157
subtration_csc 13000	13000	0.005	1.88766
addition_csr 13000	13000	0.01	5.62403
subtration_csr 13000	13000	0.01	5.76407
addition_csc 13000	13000	0.01	5.69773
subtration_csc 13000	13000	0.01	5.82693
addition_csr 13000	13000	0.02	19.03201
subtration_csr 13000	13000	0.02	19.10065
addition_csc 13000	13000	0.02	18.98969
subtration_csc 13000	13000	0.02	19.34604
addition_csr 13000	13000	0.005	1.85333
subtration_csr 13000	13000	0.005	1.88812
addition_csc 13000	13000	0.005	1.84390
subtration_csc 13000	13000	0.005	1.90211
addition_csr 13000	13000	0.01	5.65303
subtration_csr 13000	13000	0.01	5.76625
addition_csc 13000	13000	0.01	5.67336
subtration_csc 13000	13000	0.01	5.81426
addition_csr 13000	13000	0.02	18.95932
subtration_csr 13000	13000	0.02	19.10678
addition_csc 13000	13000	0.02	18.98645
subtration_csc 13000	13000	0.02	19.30744
addition_csr 13000	13000	0.005	1.87199
subtration_csr 13000	13000	0.005	1.89925
addition_csc 13000	13000	0.005	1.83984
subtration_csc 13000	13000	0.005	1.89497
addition_csr 13000	13000	0.01	5.61288
subtration_csr 13000	13000	0.01	5.73914
addition_csc 13000	13000	0.01	5.67719
subtration_csc 13000	13000	0.01	5.82071
addition_csr 13000	13000	0.02	18.94676
subtration_csr 13000	13000	0.02	19.10980
addition_csc 13000	13000	0.02	18.97177
subtration_csc 13000	13000	0.02	19.39331
addition_csr 14000	14000	0.005	1.08699
subtration_csr 14000	14000	0.005	0.93024
addition_csc 14000	14000	0.005	1.22042
subtration_csc 14000	14000	0.005	1.06613
addition_csr 14000	14000	0.01	2.77789
subtration_csr 14000	14000	0.01	2.47599
addition_csc 14000	14000	0.01	3.15644
subtration_csc 14000	14000	0.01	2.84366
addition_csr 14000	14000	0.02	7.99512
subtration_csr 14000	14000	0.02	7.37894
addition_csc 14000	14000	0.02	8.74809
subtration_csc 14000	14000	0.02	8.09352
addition_csr 14000	14000	0.005	2.24022
subtration_csr 14000	14000	0.005	2.27735
addition_csc 14000	14000	0.005	2.23588
subtration_csc 14000	14000	0.005	2.29703
addition_csr 14000	14000	0.01	6.85258
subtration_csr 14000	14000	0.01	6.99633
addition_csc 14000	14000	0.01	6.90357
subtration_csc 14000	14000	0.01	7.07465
addition_csr 14000	14000	0.02	23.55282
subtration_csr 14000	14000	0.02	23.57470
addition_csc 14000	14000	0.02	23.46155
subtration_csc 14000	14000	0.02	23.82969
addition_csr 14000	14000	0.005	2.25495
subtration_csr 14000	14000	0.005	2.27964
addition_csc 14000	14000	0.005	2.22228
subtration_csc 14000	14000	0.005	2.28883
addition_csr 14000	14000	0.01	6.87184
subtration_csr 14000	14000	0.01	6.96954
addition_csc 14000	14000	0.01	6.90666
subtration_csc 14000	14000	0.01	7.09103
addition_csr 14000	14000	0.02	23.39161
subtration_csr 14000	14000	0.02	23.50671
addition_csc 14000	14000	0.02	23.40040
subtration_csc 14000	14000	0.02	23.71118
addition_csr 14000	14000	0.005	2.22856
subtration_csr 14000	14000	0.005	2.26574
addition_csc 14000	14000	0.005	2.23591
subtration_csc 14000	14000	0.005	2.29705
addition_csr 14000	14000	0.01	6.84864
subtration_csr 14000	14000	0.01	6.99120
addition_csc 14000	14000	0.01	6.89976
subtration_csc 14000	14000	0.01	7.07674
addition_csr 14000	14000	0.02	23.97028
subtration_csr 14000	14000	0.02	24.10569
addition_csc 14000	14000	0.02	23.39165
subtration_csc 14000	14000	0.02	23.75797
addition_csr 14000	14000	0.005	2.22448
subtration_csr 14000	14000	0.005	2.26358
addition_csc 14000	14000	0.005	2.24236
subtration_csc 14000	14000	0.005	2.30242
addition_csr 14000	14000	0.01	6.86377
subtration_csr 14000	14000	0.01	6.99302
addition_csc 14000	14000	0.01	6.89335
subtration_csc 14000	14000	0.01	7.06929
addition_csr 14000	14000	0.02	23.57738
subtration_csr 14000	14000	0.02	23.63105
addition_csc 14000	14000	0.02	23.43303
subtration_csc 14000	14000	0.02	23.74238
addition_csr 14000	14000	0.005	2.22834
subtration_csr 14000	14000	0.005	2.27429
addition_csc 14000	14000	0.005	2.23216
subtration_csc 14000	14000	0.005	2.29591
addition_csr 14000	14000	0.01	6.86231
subtration_csr 14000	14000	0.01	6.98564
addition_csc 14000	14000	0.01	6.89424
subtration_csc 14000	14000	0.01	7.06474
addition_csr 14000	14000	0.02	23.51238
subtration_csr 14000	14000	0.02	23.57113
addition_csc 14000	14000	0.02	23.41411
subtration_csc 14000	14000	0.02	23.80219
addition_csr 14000	14000	0.005	2.23006
subtration_csr 14000	14000	0.005	2.30861
addition_csc 14000	14000	0.005	2.23518
subtration_csc 14000	14000	0.005	2.29742
addition_csr 14000	14000	0.01	6.88057
subtration_csr 14000	14000	0.01	6.99935
addition_csc 14000	14000	0.01	6.92986
subtration_csc 14000	14000	0.01	7.10013
addition_csr 14000	14000	0.02	23.36120
subtration_csr 14000	14000	0.02	23.58199
addition_csc 14000	14000	0.02	23.43268
subtration_csc 14000	14000	0.02	23.80628
addition_csr 14000	14000	0.005	2.21812
subtration_csr 14000	14000	0.005	2.26358
addition_csc 14000	14000	0.005	2.25896
subtration_csc 14000	14000	0.005	2.33280
addition_csr 14000	14000	0.01	6.85139
subtration_csr 14000	14000	0.01	6.97681
addition_csc 14000	14000	0.01	6.89321
subtration_csc 14000	14000	0.01	7.07297
addition_csr 14000	14000	0.02	23.37052
subtration_csr 14000	14000	0.02	23.57494
addition_csc 14000	14000	0.02	23.39986
subtration_csc 14000	14000	0.02	23.71919
addition_csr 14000	14000	0.005	2.26927
subtration_csr 14000	14000	0.005	2.29193
addition_csc 14000	14000	0.005	2.23311
subtration_csc 14000	14000	0.005	2.30103
addition_csr 14000	14000	0.01	6.88463
subtration_csr 14000	14000	0.01	6.98882
addition_csc 14000	14000	0.01	6.96063
subtration_csc 14000	14000	0.01	7.12743
addition_csr 14000	14000	0.02	23.46618
subtration_csr 14000	14000	0.02	23.56926
addition_csc 14000	14000	0.02	23.93708
subtration_csc 14000	14000	0.02	24.25730
addition_csr 14000	14000	0.005	2.22632
subtration_csr 14000	14000	0.005	2.26718
addition_csc 14000	14000	0.005	2.23895
subtration_csc 14000	14000	0.005	2.33094
addition_csr 14000	14000	0.01	6.86684
subtration_csr 14000	14000	0.01	6.99015
addition_csc 14000	14000	0.01	6.95333
subtration_csc 14000	14000	0.01	7.11454
addition_csr 14000	14000	0.02	23.45632
subtration_csr 14000	14000	0.02	23.63371
addition_csc 14000	14000	0.02	23.53793
subtration_csc 14000	14000	0.02	23.81788
addition_csr 15000	15000	0.005	1.26125
subtration_csr 15000	15000	0.005	1.09634
addition_csc 15000	15000	0.005	1.45646
subtration_csc 15000	15000	0.005	1.27535
addition_csr 15000	15000	0.01	3.27595
subtration_csr 15000	15000	0.01	2.93148
addition_csc 15000	15000	0.01	3.62798
subtration_csc 15000	15000	0.01	3.28784
addition_csr 15000	15000	0.02	9.72732
subtration_csr 15000	15000	0.02	9.03439
addition_csc 15000	15000	0.02	10.64821
subtration_csc 15000	15000	0.02	9.93510
addition_csr 15000	15000	0.005	2.75440
subtration_csr 15000	15000	0.005	2.81350
addition_csc 15000	15000	0.005	2.68222
subtration_csc 15000	15000	0.005	2.75811
addition_csr 15000	15000	0.01	8.32414
subtration_csr 15000	15000	0.01	8.44446
addition_csc 15000	15000	0.01	8.31557
subtration_csc 15000	15000	0.01	8.52495
addition_csr 15000	15000	0.02	28.53385
subtration_csr 15000	15000	0.02	28.75261
addition_csc 15000	15000	0.02	28.62433
subtration_csc 15000	15000	0.02	29.10388
addition_csr 15000	15000	0.005	2.66557
subtration_csr 15000	15000	0.005	2.74040
addition_csc 15000	15000	0.005	2.69508
subtration_csc 15000	15000	0.005	2.76934
addition_csr 15000	15000	0.01	8.30559
subtration_csr 15000	15000	0.01	8.45610
addition_csc 15000	15000	0.01	8.36800
subtration_csc 15000	15000	0.01	8.56416
addition_csr 15000	15000	0.02	28.67254
subtration_csr 15000	15000	0.02	28.86081
addition_csc 15000	15000	0.02	28.58842
subtration_csc 15000	15000	0.02	28.98270
addition_csr 15000	15000	0.005	2.67063
subtration_csr 15000	15000	0.005	2.73410
addition_csc 15000	15000	0.005	2.68379
subtration_csc 15000	15000	0.005	2.75711
addition_csr 15000	15000	0.01	8.29017
subtration_csr 15000	15000	0.01	8.41737
addition_csc 15000	15000	0.01	8.30662
subtration_csc 15000	15000	0.01	8.53177
addition_csr 15000	15000	0.02	28.59955
subtration_csr 15000	15000	0.02	28.72827
addition_csc 15000	15000	0.02	28.64541
subtration_csc 15000	15000	0.02	29.03304
addition_csr 15000	15000	0.005	2.66276
subtration_csr 15000	15000	0.005	2.74457
addition_csc 15000	15000	0.005	2.68363
subtration_csc 15000	15000	0.005	2.76025
addition_csr 15000	15000	0.01	8.27246
subtration_csr 15000	15000	0.01	8.42598
addition_csc 15000	15000	0.01	8.64388
subtration_csc 15000	15000	0.01	8.86729
addition_csr 15000	15000	0.02	28.57789
subtration_csr 15000	15000	0.02	28.74389
addition_csc 15000	15000	0.02	28.62093
subtration_csc 15000	15000	0.02	29.07397
addition_csr 15000	15000	0.005	2.66165
subtration_csr 15000	15000	0.005	2.73061
addition_csc 15000	15000	0.005	2.69926
subtration_csc 15000	15000	0.005	2.77594
addition_csr 15000	15000	0.01	8.28092
subtration_csr 15000	15000	0.01	8.41979
addition_csc 15000	15000	0.01	8.31018
subtration_csc 15000	15000	0.01	8.52416
addition_csr 15000	15000	0.02	28.50145
subtration_csr 15000	15000	0.02	28.77473
addition_csc 15000	15000	0.02	28.68751
subtration_csc 15000	15000	0.02	29.05593
addition_csr 15000	15000	0.005	2.66834
subtration_csr 15000	15000	0.005	2.73817
addition_csc 15000	15000	0.005	2.69756
subtration_csc 15000	15000	0.005	2.76780
addition_csr 15000	15000	0.01	8.29887
subtration_csr 15000	15000	0.01	8.41831
addition_csc 15000	15000	0.01	8.34554
subtration_csc 15000	15000	0.01	8.55095
addition_csr 15000	15000	0.02	28.52571
subtration_csr 15000	15000	0.02	28.84565
addition_csc 15000	15000	0.02	28.80370
subtration_csc 15000	15000	0.02	29.22053
addition_csr 15000	15000	0.005	2.65494
subtration_csr 15000	15000	0.005	2.72511
addition_csc 15000	15000	0.005	2.69215
subtration_csc 15000	15000	0.005	2.77169
addition_csr 15000	15000	0.01	8.29517
subtration_csr 15000	15000	0.01	8.41582
addition_csc 15000	15000	0.01	8.34219
subtration_csc 15000	15000	0.01	8.54804
addition_csr 15000	15000	0.02	28.54363
subtration_csr 15000	15000	0.02	28.83537
addition_csc 15000	15000	0.02	28.69427
subtration_csc 15000	15000	0.02	28.99922
addition_csr 15000	15000	0.005	2.66430
subtration_csr 15000	15000	0.005	2.74002
addition_csc 15000	15000	0.005	2.68428
subtration_csc 15000	15000	0.005	2.75991
addition_csr 15000	15000	0.01	8.29173
subtration_csr 15000	15000	0.01	8.43462
addition_csc 15000	15000	0.01	8.30905
subtration_csc 15000	15000	0.01	8.53031
addition_csr 15000	15000	0.02	28.56742
subtration_csr 15000	15000	0.02	28.75300
addition_csc 15000	15000	0.02	28.56572
subtration_csc 15000	15000	0.02	28.93119
addition_csr 15000	15000	0.005	2.66805
subtration_csr 15000	15000	0.005	2.73595
addition_csc 15000	15000	0.005	2.69101
subtration_csc 15000	15000	0.005	2.76964
addition_csr 15000	15000	0.01	8.27925
subtration_csr 15000	15000	0.01	8.40654
addition_csc 15000	15000	0.01	8.33350
subtration_csc 15000	15000	0.01	8.52870
addition_csr 15000	15000	0.02	28.49989
subtration_csr 15000	15000	0.02	28.79596
addition_csc 15000	15000	0.02	28.60657
subtration_csc 15000	15000	0.02	29.03555
