CSR	5000	5000	0.005	0.99994
COO	5000	5000	0.005	0.96604
CSR	5000	5000	0.01	0.96912
COO	5000	5000	0.01	0.97174
CSR	5000	5000	0.02	1.01824
COO	5000	5000	0.02	1.01448
CSR	5000	5000	0.005	0.95301
COO	5000	5000	0.005	0.95154
CSR	5000	5000	0.01	0.98069
COO	5000	5000	0.01	0.96880
CSR	5000	5000	0.02	1.02456
COO	5000	5000	0.02	1.01411
CSR	5000	5000	0.005	0.95087
COO	5000	5000	0.005	0.95018
CSR	5000	5000	0.01	0.99522
COO	5000	5000	0.01	0.97817
CSR	5000	5000	0.02	1.02255
COO	5000	5000	0.02	1.01485
CSR	5000	5000	0.005	0.95107
COO	5000	5000	0.005	0.95371
CSR	5000	5000	0.01	0.96951
COO	5000	5000	0.01	0.97174
CSR	5000	5000	0.02	1.01069
COO	5000	5000	0.02	1.01404
CSR	5000	5000	0.005	0.95030
COO	5000	5000	0.005	0.95558
CSR	5000	5000	0.01	0.97051
COO	5000	5000	0.01	0.97833
CSR	5000	5000	0.02	1.01431
COO	5000	5000	0.02	1.01873
CSR	5000	5000	0.005	0.95216
COO	5000	5000	0.005	0.95223
CSR	5000	5000	0.01	0.97125
COO	5000	5000	0.01	0.97923
CSR	5000	5000	0.02	1.02145
COO	5000	5000	0.02	1.01093
CSR	5000	5000	0.005	0.96798
COO	5000	5000	0.005	0.95176
CSR	5000	5000	0.01	1.00328
COO	5000	5000	0.01	0.99696
CSR	5000	5000	0.02	1.02018
COO	5000	5000	0.02	1.01586
CSR	5000	5000	0.005	0.95466
COO	5000	5000	0.005	0.95663
CSR	5000	5000	0.01	0.97023
COO	5000	5000	0.01	0.98162
CSR	5000	5000	0.02	1.03387
COO	5000	5000	0.02	1.01941
CSR	5000	5000	0.005	0.95285
COO	5000	5000	0.005	0.95399
CSR	5000	5000	0.01	0.97402
COO	5000	5000	0.01	0.97667
CSR	5000	5000	0.02	1.02791
COO	5000	5000	0.02	1.01341
CSR	5000	5000	0.005	0.94996
COO	5000	5000	0.005	0.95465
CSR	5000	5000	0.01	0.97760
COO	5000	5000	0.01	0.99527
CSR	5000	5000	0.02	1.01050
COO	5000	5000	0.02	1.01860
CSR	7000	7000	0.005	1.92435
COO	7000	7000	0.005	1.86946
CSR	7000	7000	0.01	1.90705
COO	7000	7000	0.01	1.92211
CSR	7000	7000	0.02	1.98824
COO	7000	7000	0.02	2.04768
CSR	7000	7000	0.005	1.86544
COO	7000	7000	0.005	1.91793
CSR	7000	7000	0.01	1.92301
COO	7000	7000	0.01	1.91567
CSR	7000	7000	0.02	1.98211
COO	7000	7000	0.02	1.98494
CSR	7000	7000	0.005	1.87242
COO	7000	7000	0.005	1.87331
CSR	7000	7000	0.01	1.91322
COO	7000	7000	0.01	1.90757
CSR	7000	7000	0.02	2.01619
COO	7000	7000	0.02	1.99212
CSR	7000	7000	0.005	1.86802
COO	7000	7000	0.005	1.88673
CSR	7000	7000	0.01	1.99879
COO	7000	7000	0.01	2.00088
CSR	7000	7000	0.02	1.99050
COO	7000	7000	0.02	1.99245
CSR	7000	7000	0.005	1.89999
COO	7000	7000	0.005	1.89418
CSR	7000	7000	0.01	1.92894
COO	7000	7000	0.01	1.92142
CSR	7000	7000	0.02	1.98988
COO	7000	7000	0.02	1.99125
CSR	7000	7000	0.005	1.86622
COO	7000	7000	0.005	1.86616
CSR	7000	7000	0.01	1.91833
COO	7000	7000	0.01	1.92231
CSR	7000	7000	0.02	1.98608
COO	7000	7000	0.02	2.00999
CSR	7000	7000	0.005	1.87462
COO	7000	7000	0.005	1.86588
CSR	7000	7000	0.01	1.90755
COO	7000	7000	0.01	1.91427
CSR	7000	7000	0.02	2.05665
COO	7000	7000	0.02	2.05503
CSR	7000	7000	0.005	1.86451
COO	7000	7000	0.005	1.86694
CSR	7000	7000	0.01	1.89532
COO	7000	7000	0.01	1.90932
CSR	7000	7000	0.02	2.00056
COO	7000	7000	0.02	2.00043
CSR	7000	7000	0.005	1.86582
COO	7000	7000	0.005	1.86430
CSR	7000	7000	0.01	1.91376
COO	7000	7000	0.01	1.90975
CSR	7000	7000	0.02	1.99974
COO	7000	7000	0.02	1.98470
CSR	7000	7000	0.005	1.86768
COO	7000	7000	0.005	1.86733
CSR	7000	7000	0.01	1.97472
COO	7000	7000	0.01	1.91540
CSR	7000	7000	0.02	1.99029
COO	7000	7000	0.02	1.99611
CSR	9000	9000	0.005	3.13114
COO	9000	9000	0.005	3.13178
CSR	9000	9000	0.01	3.13541
COO	9000	9000	0.01	3.15975
CSR	9000	9000	0.02	3.28161
COO	9000	9000	0.02	3.28102
CSR	9000	9000	0.005	3.09565
COO	9000	9000	0.005	3.09144
CSR	9000	9000	0.01	3.15075
COO	9000	9000	0.01	3.15081
CSR	9000	9000	0.02	3.28513
COO	9000	9000	0.02	3.29649
CSR	9000	9000	0.005	3.08992
COO	9000	9000	0.005	3.09184
CSR	9000	9000	0.01	3.23672
COO	9000	9000	0.01	3.16345
CSR	9000	9000	0.02	3.28196
COO	9000	9000	0.02	3.32596
CSR	9000	9000	0.005	3.09363
COO	9000	9000	0.005	3.08625
CSR	9000	9000	0.01	3.14744
COO	9000	9000	0.01	3.15843
CSR	9000	9000	0.02	3.28186
COO	9000	9000	0.02	3.28848
CSR	9000	9000	0.005	3.08746
COO	9000	9000	0.005	3.09073
CSR	9000	9000	0.01	3.16742
COO	9000	9000	0.01	3.16888
CSR	9000	9000	0.02	3.28728
COO	9000	9000	0.02	3.30970
CSR	9000	9000	0.005	3.08813
COO	9000	9000	0.005	3.08708
CSR	9000	9000	0.01	3.15529
COO	9000	9000	0.01	3.17037
CSR	9000	9000	0.02	3.29341
COO	9000	9000	0.02	3.29030
CSR	9000	9000	0.005	3.13309
COO	9000	9000	0.005	3.12979
CSR	9000	9000	0.01	3.15309
COO	9000	9000	0.01	3.15982
CSR	9000	9000	0.02	3.27958
COO	9000	9000	0.02	3.28989
CSR	9000	9000	0.005	3.09839
COO	9000	9000	0.005	3.10459
CSR	9000	9000	0.01	3.15220
COO	9000	9000	0.01	3.15414
CSR	9000	9000	0.02	3.29905
COO	9000	9000	0.02	3.28659
CSR	9000	9000	0.005	3.08774
COO	9000	9000	0.005	3.09745
CSR	9000	9000	0.01	3.21552
COO	9000	9000	0.01	3.21983
CSR	9000	9000	0.02	3.28331
COO	9000	9000	0.02	3.28273
CSR	9000	9000	0.005	3.12773
COO	9000	9000	0.005	3.12861
CSR	9000	9000	0.01	3.14939
COO	9000	9000	0.01	3.16011
CSR	9000	9000	0.02	3.36407
COO	9000	9000	0.02	3.37412
CSR	11000	11000	0.005	4.61857
COO	11000	11000	0.005	4.61824
CSR	11000	11000	0.01	4.73543
COO	11000	11000	0.01	4.71601
CSR	11000	11000	0.02	4.90396
COO	11000	11000	0.02	5.03482
CSR	11000	11000	0.005	4.61869
COO	11000	11000	0.005	4.63167
CSR	11000	11000	0.01	4.72118
COO	11000	11000	0.01	4.71314
CSR	11000	11000	0.02	4.92143
COO	11000	11000	0.02	4.97374
CSR	11000	11000	0.005	4.62826
COO	11000	11000	0.005	4.62363
CSR	11000	11000	0.01	4.71702
COO	11000	11000	0.01	4.72001
CSR	11000	11000	0.02	4.90148
COO	11000	11000	0.02	4.91999
CSR	11000	11000	0.005	4.62063
COO	11000	11000	0.005	4.63746
CSR	11000	11000	0.01	4.73111
COO	11000	11000	0.01	4.72768
CSR	11000	11000	0.02	4.99716
COO	11000	11000	0.02	5.02978
CSR	11000	11000	0.005	4.62265
COO	11000	11000	0.005	4.69705
CSR	11000	11000	0.01	4.71975
COO	11000	11000	0.01	4.72134
CSR	11000	11000	0.02	4.90895
COO	11000	11000	0.02	4.93073
CSR	11000	11000	0.005	4.62437
COO	11000	11000	0.005	4.62273
CSR	11000	11000	0.01	4.77451
COO	11000	11000	0.01	4.79936
CSR	11000	11000	0.02	4.93504
COO	11000	11000	0.02	4.94884
CSR	11000	11000	0.005	4.61978
COO	11000	11000	0.005	4.63335
CSR	11000	11000	0.01	4.71541
COO	11000	11000	0.01	4.71922
CSR	11000	11000	0.02	4.91932
COO	11000	11000	0.02	4.91990
CSR	11000	11000	0.005	4.82356
COO	11000	11000	0.005	4.62539
CSR	11000	11000	0.01	4.70411
COO	11000	11000	0.01	4.73634
CSR	11000	11000	0.02	4.90858
COO	11000	11000	0.02	4.92786
CSR	11000	11000	0.005	4.68070
COO	11000	11000	0.005	4.68347
CSR	11000	11000	0.01	4.83941
COO	11000	11000	0.01	4.84624
CSR	11000	11000	0.02	4.90324
COO	11000	11000	0.02	4.92071
CSR	11000	11000	0.005	4.62420
COO	11000	11000	0.005	4.62767
CSR	11000	11000	0.01	4.70582
COO	11000	11000	0.01	4.72030
CSR	11000	11000	0.02	4.93369
COO	11000	11000	0.02	4.92836
CSR	13000	13000	0.005	6.62589
COO	13000	13000	0.005	6.48281
CSR	13000	13000	0.01	6.58929
COO	13000	13000	0.01	6.59145
CSR	13000	13000	0.02	6.84734
COO	13000	13000	0.02	6.89424
CSR	13000	13000	0.005	6.45374
COO	13000	13000	0.005	6.47988
CSR	13000	13000	0.01	6.63128
COO	13000	13000	0.01	6.76497
CSR	13000	13000	0.02	6.91886
COO	13000	13000	0.02	6.93366
CSR	13000	13000	0.005	6.45251
COO	13000	13000	0.005	6.48332
CSR	13000	13000	0.01	6.59361
COO	13000	13000	0.01	6.60084
CSR	13000	13000	0.02	6.95169
COO	13000	13000	0.02	7.15988
CSR	13000	13000	0.005	6.54722
COO	13000	13000	0.005	6.54971
CSR	13000	13000	0.01	6.59958
COO	13000	13000	0.01	6.72010
CSR	13000	13000	0.02	7.20098
COO	13000	13000	0.02	7.19637
CSR	13000	13000	0.005	6.47152
COO	13000	13000	0.005	6.64296
CSR	13000	13000	0.01	6.59039
COO	13000	13000	0.01	6.59925
CSR	13000	13000	0.02	6.86782
COO	13000	13000	0.02	6.91148
CSR	13000	13000	0.005	6.46458
COO	13000	13000	0.005	6.47399
CSR	13000	13000	0.01	6.60208
COO	13000	13000	0.01	6.68545
CSR	13000	13000	0.02	6.85650
COO	13000	13000	0.02	6.89766
CSR	13000	13000	0.005	6.55348
COO	13000	13000	0.005	6.65711
CSR	13000	13000	0.01	6.59399
COO	13000	13000	0.01	6.66409
CSR	13000	13000	0.02	6.86219
COO	13000	13000	0.02	6.90544
CSR	13000	13000	0.005	6.54434
COO	13000	13000	0.005	6.56833
CSR	13000	13000	0.01	6.62746
COO	13000	13000	0.01	6.68804
CSR	13000	13000	0.02	6.89165
COO	13000	13000	0.02	6.90769
CSR	13000	13000	0.005	6.50891
COO	13000	13000	0.005	6.53770
CSR	13000	13000	0.01	6.65849
COO	13000	13000	0.01	6.59912
CSR	13000	13000	0.02	6.85338
COO	13000	13000	0.02	6.90230
CSR	13000	13000	0.005	6.44688
COO	13000	13000	0.005	6.46246
CSR	13000	13000	0.01	6.55206
COO	13000	13000	0.01	6.58368
CSR	13000	13000	0.02	6.85798
COO	13000	13000	0.02	6.87798
CSR	15000	15000	0.005	8.59216
COO	15000	15000	0.005	8.59558
CSR	15000	15000	0.01	8.77477
COO	15000	15000	0.01	8.78985
CSR	15000	15000	0.02	9.13708
COO	15000	15000	0.02	9.15429
CSR	15000	15000	0.005	8.60544
COO	15000	15000	0.005	8.61864
CSR	15000	15000	0.01	8.87194
COO	15000	15000	0.01	8.86763
CSR	15000	15000	0.02	9.12672
COO	15000	15000	0.02	9.16197
CSR	15000	15000	0.005	8.59504
COO	15000	15000	0.005	8.60491
CSR	15000	15000	0.01	8.79259
COO	15000	15000	0.01	8.79480
CSR	15000	15000	0.02	9.12631
COO	15000	15000	0.02	9.21054
CSR	15000	15000	0.005	8.64322
COO	15000	15000	0.005	8.63841
CSR	15000	15000	0.01	8.78375
COO	15000	15000	0.01	8.81198
CSR	15000	15000	0.02	9.14388
COO	15000	15000	0.02	9.15985
CSR	15000	15000	0.005	8.84370
COO	15000	15000	0.005	8.82247
CSR	15000	15000	0.01	8.78484
COO	15000	15000	0.01	8.92177
CSR	15000	15000	0.02	9.12350
COO	15000	15000	0.02	9.15408
CSR	15000	15000	0.005	8.63171
COO	15000	15000	0.005	8.63001
CSR	15000	15000	0.01	8.76298
COO	15000	15000	0.01	8.76920
CSR	15000	15000	0.02	9.25119
COO	15000	15000	0.02	9.17712
CSR	15000	15000	0.005	8.61307
COO	15000	15000	0.005	8.60952
CSR	15000	15000	0.01	8.77480
COO	15000	15000	0.01	8.78897
CSR	15000	15000	0.02	9.13031
COO	15000	15000	0.02	9.14187
CSR	15000	15000	0.005	8.59059
COO	15000	15000	0.005	8.61518
CSR	15000	15000	0.01	8.80075
COO	15000	15000	0.01	8.79245
CSR	15000	15000	0.02	9.18067
COO	15000	15000	0.02	9.23175
CSR	15000	15000	0.005	8.65085
COO	15000	15000	0.005	8.62539
CSR	15000	15000	0.01	9.03759
COO	15000	15000	0.01	9.03186
CSR	15000	15000	0.02	9.16766
COO	15000	15000	0.02	9.19754
CSR	15000	15000	0.005	8.61448
COO	15000	15000	0.005	8.60177
CSR	15000	15000	0.01	8.89567
COO	15000	15000	0.01	8.88264
CSR	15000	15000	0.02	9.08169
COO	15000	15000	0.02	9.11816
CSR	17000	17000	0.005	11.04216
COO	17000	17000	0.005	11.06717
CSR	17000	17000	0.01	11.33522
COO	17000	17000	0.01	11.30188
CSR	17000	17000	0.02	11.73120
COO	17000	17000	0.02	11.90487
CSR	17000	17000	0.005	11.06046
COO	17000	17000	0.005	11.08390
CSR	17000	17000	0.01	13.07503
COO	17000	17000	0.01	11.32555
CSR	17000	17000	0.02	11.71556
COO	17000	17000	0.02	11.75529
CSR	17000	17000	0.005	11.08578
COO	17000	17000	0.005	11.05463
CSR	17000	17000	0.01	11.44640
COO	17000	17000	0.01	11.47768
CSR	17000	17000	0.02	11.72650
COO	17000	17000	0.02	11.75664
CSR	17000	17000	0.005	11.04669
COO	17000	17000	0.005	11.07041
CSR	17000	17000	0.01	11.27648
COO	17000	17000	0.01	11.31068
CSR	17000	17000	0.02	11.71157
COO	17000	17000	0.02	11.75605
CSR	17000	17000	0.005	11.05634
COO	17000	17000	0.005	11.11394
CSR	17000	17000	0.01	11.27478
COO	17000	17000	0.01	11.51223
CSR	17000	17000	0.02	12.01286
COO	17000	17000	0.02	12.12137
CSR	17000	17000	0.005	11.14026
COO	17000	17000	0.005	11.11523
CSR	17000	17000	0.01	11.26530
COO	17000	17000	0.01	11.34646
CSR	17000	17000	0.02	11.71666
COO	17000	17000	0.02	11.77052
CSR	17000	17000	0.005	11.06988
COO	17000	17000	0.005	11.09229
CSR	17000	17000	0.01	11.30397
COO	17000	17000	0.01	11.33797
CSR	17000	17000	0.02	11.88414
COO	17000	17000	0.02	11.86801
CSR	17000	17000	0.005	11.11274
COO	17000	17000	0.005	11.07487
CSR	17000	17000	0.01	11.29600
COO	17000	17000	0.01	11.36960
CSR	17000	17000	0.02	11.93730
COO	17000	17000	0.02	11.76257
CSR	17000	17000	0.005	11.26915
COO	17000	17000	0.005	11.08147
CSR	17000	17000	0.01	11.29787
COO	17000	17000	0.01	11.30398
CSR	17000	17000	0.02	11.72719
COO	17000	17000	0.02	11.76062
CSR	17000	17000	0.005	11.09116
COO	17000	17000	0.005	11.11179
CSR	17000	17000	0.01	11.26795
COO	17000	17000	0.01	11.31386
CSR	17000	17000	0.02	11.89644
COO	17000	17000	0.02	11.86298
CSR	19000	19000	0.005	13.97076
COO	19000	19000	0.005	14.19852
CSR	19000	19000	0.01	14.35510
COO	19000	19000	0.01	14.25561
CSR	19000	19000	0.02	14.99942
COO	19000	19000	0.02	14.90781
CSR	19000	19000	0.005	14.04756
COO	19000	19000	0.005	14.08027
CSR	19000	19000	0.01	14.23808
COO	19000	19000	0.01	14.27802
CSR	19000	19000	0.02	15.01548
COO	19000	19000	0.02	15.24201
CSR	19000	19000	0.005	13.95978
COO	19000	19000	0.005	14.05334
CSR	19000	19000	0.01	14.62604
COO	19000	19000	0.01	14.63230
CSR	19000	19000	0.02	15.02838
COO	19000	19000	0.02	15.11487
CSR	19000	19000	0.005	13.94428
COO	19000	19000	0.005	14.28557
CSR	19000	19000	0.01	14.19786
COO	19000	19000	0.01	14.38534
CSR	19000	19000	0.02	14.78678
COO	19000	19000	0.02	14.86680
CSR	19000	19000	0.005	13.96621
COO	19000	19000	0.005	14.17525
CSR	19000	19000	0.01	14.23502
COO	19000	19000	0.01	14.29675
CSR	19000	19000	0.02	15.35106
COO	19000	19000	0.02	15.37537
CSR	19000	19000	0.005	14.19699
COO	19000	19000	0.005	14.11454
CSR	19000	19000	0.01	14.23421
COO	19000	19000	0.01	14.23144
CSR	19000	19000	0.02	15.56168
COO	19000	19000	0.02	15.39631
CSR	19000	19000	0.005	13.94623
COO	19000	19000	0.005	13.98510
CSR	19000	19000	0.01	14.20832
COO	19000	19000	0.01	14.42402
CSR	19000	19000	0.02	14.78395
COO	19000	19000	0.02	14.95755
CSR	19000	19000	0.005	14.29049
COO	19000	19000	0.005	14.13676
CSR	19000	19000	0.01	14.21996
COO	19000	19000	0.01	14.39758
CSR	19000	19000	0.02	14.97340
COO	19000	19000	0.02	15.18367
CSR	19000	19000	0.005	14.27451
COO	19000	19000	0.005	14.14613
CSR	19000	19000	0.01	14.46948
COO	19000	19000	0.01	14.52823
CSR	19000	19000	0.02	15.23316
COO	19000	19000	0.02	15.63837
CSR	19000	19000	0.005	13.92030
COO	19000	19000	0.005	13.94871
CSR	19000	19000	0.01	14.31231
COO	19000	19000	0.01	14.27780
CSR	19000	19000	0.02	15.45561
COO	19000	19000	0.02	15.42859
CSR	21000	21000	0.005	17.00768
COO	21000	21000	0.005	17.66721
CSR	21000	21000	0.01	17.72420
COO	21000	21000	0.01	18.00788
CSR	21000	21000	0.02	18.51613
COO	21000	21000	0.02	18.50136
CSR	21000	21000	0.005	17.00128
COO	21000	21000	0.005	17.31052
CSR	21000	21000	0.01	17.35038
COO	21000	21000	0.01	17.94872
CSR	21000	21000	0.02	18.26540
COO	21000	21000	0.02	18.54611
CSR	21000	21000	0.005	17.15134
COO	21000	21000	0.005	17.02983
CSR	21000	21000	0.01	17.57614
COO	21000	21000	0.01	17.40371
CSR	21000	21000	0.02	18.02708
COO	21000	21000	0.02	18.15860
CSR	21000	21000	0.005	17.29807
COO	21000	21000	0.005	17.35133
CSR	21000	21000	0.01	17.36231
COO	21000	21000	0.01	17.36864
CSR	21000	21000	0.02	18.03952
COO	21000	21000	0.02	18.16015
CSR	21000	21000	0.005	17.02197
COO	21000	21000	0.005	17.05061
CSR	21000	21000	0.01	17.47645
COO	21000	21000	0.01	17.43366
CSR	21000	21000	0.02	18.02507
COO	21000	21000	0.02	18.33131
CSR	21000	21000	0.005	17.24589
COO	21000	21000	0.005	17.48613
CSR	21000	21000	0.01	17.42661
COO	21000	21000	0.01	17.49345
CSR	21000	21000	0.02	18.14825
COO	21000	21000	0.02	18.16623
CSR	21000	21000	0.005	17.03434
COO	21000	21000	0.005	17.34725
CSR	21000	21000	0.01	17.59863
COO	21000	21000	0.01	17.78585
CSR	21000	21000	0.02	18.50341
COO	21000	21000	0.02	18.17599
CSR	21000	21000	0.005	17.01963
COO	21000	21000	0.005	17.04615
CSR	21000	21000	0.01	17.35990
COO	21000	21000	0.01	17.54439
CSR	21000	21000	0.02	18.05297
COO	21000	21000	0.02	18.14773
CSR	21000	21000	0.005	17.21512
COO	21000	21000	0.005	17.21253
CSR	21000	21000	0.01	17.80566
COO	21000	21000	0.01	17.86803
CSR	21000	21000	0.02	18.02222
COO	21000	21000	0.02	18.14790
CSR	21000	21000	0.005	17.18043
COO	21000	21000	0.005	17.31888
CSR	21000	21000	0.01	17.37181
COO	21000	21000	0.01	17.75818
CSR	21000	21000	0.02	18.03315
COO	21000	21000	0.02	18.31616
CSR	23000	23000	0.005	20.45680
COO	23000	23000	0.005	20.66118
CSR	23000	23000	0.01	21.16095
COO	23000	23000	0.01	21.34364
CSR	23000	23000	0.02	21.65616
COO	23000	23000	0.02	22.26911
CSR	23000	23000	0.005	20.78579
COO	23000	23000	0.005	20.54482
CSR	23000	23000	0.01	20.88453
COO	23000	23000	0.01	21.40003
CSR	23000	23000	0.02	21.95389
COO	23000	23000	0.02	22.13602
CSR	23000	23000	0.005	20.41345
COO	23000	23000	0.005	20.66244
CSR	23000	23000	0.01	20.87733
COO	23000	23000	0.01	20.96146
CSR	23000	23000	0.02	21.74753
COO	23000	23000	0.02	22.04290
CSR	23000	23000	0.005	20.51496
COO	23000	23000	0.005	20.77047
CSR	23000	23000	0.01	21.39877
COO	23000	23000	0.01	21.25318
CSR	23000	23000	0.02	21.96818
COO	23000	23000	0.02	22.10334
CSR	23000	23000	0.005	20.44197
COO	23000	23000	0.005	20.73681
CSR	23000	23000	0.01	21.03540
COO	23000	23000	0.01	21.43871
CSR	23000	23000	0.02	22.79585
COO	23000	23000	0.02	22.90216
CSR	23000	23000	0.005	20.42495
COO	23000	23000	0.005	20.48060
CSR	23000	23000	0.01	21.09494
COO	23000	23000	0.01	21.14397
CSR	23000	23000	0.02	22.01711
COO	23000	23000	0.02	21.91863
CSR	23000	23000	0.005	20.75919
COO	23000	23000	0.005	20.45228
CSR	23000	23000	0.01	20.89374
COO	23000	23000	0.01	20.88576
CSR	23000	23000	0.02	21.68254
COO	23000	23000	0.02	21.81348
CSR	23000	23000	0.005	20.53650
COO	23000	23000	0.005	20.80996
CSR	23000	23000	0.01	20.75582
COO	23000	23000	0.01	21.72895
CSR	23000	23000	0.02	21.63602
COO	23000	23000	0.02	22.30049
CSR	23000	23000	0.005	20.41314
COO	23000	23000	0.005	20.57997
CSR	23000	23000	0.01	20.97639
COO	23000	23000	0.01	21.32572
CSR	23000	23000	0.02	22.24070
COO	23000	23000	0.02	22.34287
CSR	23000	23000	0.005	20.77204
COO	23000	23000	0.005	20.53234
CSR	23000	23000	0.01	20.86807
COO	23000	23000	0.01	20.93246
CSR	23000	23000	0.02	22.33637
COO	23000	23000	0.02	22.13526
CSC	5000	5000	0.005	4.43169
Diagonal	5000	5000	0.005	18.46853
CSC	5000	5000	0.01	4.61286
Diagonal	5000	5000	0.01	18.77741
CSC	5000	5000	0.02	4.55540
Diagonal	5000	5000	0.02	19.08188
CSC	5000	5000	0.005	4.44777
Diagonal	5000	5000	0.005	18.86116
CSC	5000	5000	0.01	4.48505
Diagonal	5000	5000	0.01	18.82459
CSC	5000	5000	0.02	4.59901
Diagonal	5000	5000	0.02	18.82883
CSC	5000	5000	0.005	4.47369
Diagonal	5000	5000	0.005	18.46115
CSC	5000	5000	0.01	4.47658
Diagonal	5000	5000	0.01	18.93525
CSC	5000	5000	0.02	4.57159
Diagonal	5000	5000	0.02	19.61920
CSC	5000	5000	0.005	4.45907
Diagonal	5000	5000	0.005	18.34424
CSC	5000	5000	0.01	4.62914
Diagonal	5000	5000	0.01	18.76939
CSC	5000	5000	0.02	4.55815
Diagonal	5000	5000	0.02	18.87403
CSC	5000	5000	0.005	4.45437
Diagonal	5000	5000	0.005	18.49448
CSC	5000	5000	0.01	4.73852
Diagonal	5000	5000	0.01	19.24053
CSC	5000	5000	0.02	4.55493
Diagonal	5000	5000	0.02	19.11840
CSC	5000	5000	0.005	4.46501
Diagonal	5000	5000	0.005	18.62445
CSC	5000	5000	0.01	4.62296
Diagonal	5000	5000	0.01	18.86970
CSC	5000	5000	0.02	4.63358
Diagonal	5000	5000	0.02	18.96585
CSC	5000	5000	0.005	4.45905
Diagonal	5000	5000	0.005	18.59343
CSC	5000	5000	0.01	4.47172
Diagonal	5000	5000	0.01	19.05402
CSC	5000	5000	0.02	4.59028
Diagonal	5000	5000	0.02	19.28583
CSC	5000	5000	0.005	4.43710
Diagonal	5000	5000	0.005	18.51126
CSC	5000	5000	0.01	4.50241
Diagonal	5000	5000	0.01	19.12223
CSC	5000	5000	0.02	4.64156
Diagonal	5000	5000	0.02	18.99256
CSC	5000	5000	0.005	4.45152
Diagonal	5000	5000	0.005	18.57696
CSC	5000	5000	0.01	4.47698
Diagonal	5000	5000	0.01	18.80349
CSC	5000	5000	0.02	4.55774
Diagonal	5000	5000	0.02	18.99466
CSC	5000	5000	0.005	4.43917
Diagonal	5000	5000	0.005	18.64269
CSC	5000	5000	0.01	4.60461
Diagonal	5000	5000	0.01	18.72253
CSC	5000	5000	0.02	4.66810
Diagonal	5000	5000	0.02	18.95152
CSC	7000	7000	0.005	9.36877
Diagonal	7000	7000	0.005	39.18272
CSC	7000	7000	0.01	8.98695
Diagonal	7000	7000	0.01	39.13803
CSC	7000	7000	0.02	9.03569
Diagonal	7000	7000	0.02	39.66336
CSC	7000	7000	0.005	8.89125
Diagonal	7000	7000	0.005	39.18733
CSC	7000	7000	0.01	9.00437
Diagonal	7000	7000	0.01	39.09997
CSC	7000	7000	0.02	8.98947
Diagonal	7000	7000	0.02	39.70784
CSC	7000	7000	0.005	8.85206
Diagonal	7000	7000	0.005	39.43738
CSC	7000	7000	0.01	8.86385
Diagonal	7000	7000	0.01	39.53254
CSC	7000	7000	0.02	9.03052
Diagonal	7000	7000	0.02	39.75109
CSC	7000	7000	0.005	8.81801
Diagonal	7000	7000	0.005	39.72037
CSC	7000	7000	0.01	8.83568
Diagonal	7000	7000	0.01	39.78323
CSC	7000	7000	0.02	9.00944
Diagonal	7000	7000	0.02	39.20981
CSC	7000	7000	0.005	8.74318
Diagonal	7000	7000	0.005	39.75137
CSC	7000	7000	0.01	8.96509
Diagonal	7000	7000	0.01	39.30495
CSC	7000	7000	0.02	8.98778
Diagonal	7000	7000	0.02	39.52481
CSC	7000	7000	0.005	8.74479
Diagonal	7000	7000	0.005	39.55453
CSC	7000	7000	0.01	8.84837
Diagonal	7000	7000	0.01	39.60281
CSC	7000	7000	0.02	8.86678
Diagonal	7000	7000	0.02	40.74923
CSC	7000	7000	0.005	8.75173
Diagonal	7000	7000	0.005	38.76651
CSC	7000	7000	0.01	8.81629
Diagonal	7000	7000	0.01	41.36729
CSC	7000	7000	0.02	8.99733
Diagonal	7000	7000	0.02	39.55871
CSC	7000	7000	0.005	8.75752
Diagonal	7000	7000	0.005	38.98078
CSC	7000	7000	0.01	8.84038
Diagonal	7000	7000	0.01	41.21265
CSC	7000	7000	0.02	8.95691
Diagonal	7000	7000	0.02	40.97767
CSC	7000	7000	0.005	8.74650
Diagonal	7000	7000	0.005	41.09225
CSC	7000	7000	0.01	8.82558
Diagonal	7000	7000	0.01	39.95188
CSC	7000	7000	0.02	8.96753
Diagonal	7000	7000	0.02	39.41898
CSC	7000	7000	0.005	8.78126
Diagonal	7000	7000	0.005	38.87817
CSC	7000	7000	0.01	8.90293
Diagonal	7000	7000	0.01	39.22204
CSC	7000	7000	0.02	8.94555
Diagonal	7000	7000	0.02	39.71753
CSC	9000	9000	0.005	14.73008
Diagonal	9000	9000	0.005	70.95062
CSC	9000	9000	0.01	14.83254
Diagonal	9000	9000	0.01	72.42959
CSC	9000	9000	0.02	15.06976
Diagonal	9000	9000	0.02	72.51454
CSC	9000	9000	0.005	14.81343
Diagonal	9000	9000	0.005	71.11172
CSC	9000	9000	0.01	14.94513
Diagonal	9000	9000	0.01	71.28738
CSC	9000	9000	0.02	15.40435
Diagonal	9000	9000	0.02	71.53573
CSC	9000	9000	0.005	14.75367
Diagonal	9000	9000	0.005	72.15752
CSC	9000	9000	0.01	14.92029
Diagonal	9000	9000	0.01	74.99217
CSC	9000	9000	0.02	15.17230
Diagonal	9000	9000	0.02	71.64905
CSC	9000	9000	0.005	14.72196
Diagonal	9000	9000	0.005	71.14987
CSC	9000	9000	0.01	14.95067
Diagonal	9000	9000	0.01	72.76885
CSC	9000	9000	0.02	15.05964
Diagonal	9000	9000	0.02	72.32470
CSC	9000	9000	0.005	14.84354
Diagonal	9000	9000	0.005	70.79260
CSC	9000	9000	0.01	14.82999
Diagonal	9000	9000	0.01	71.31429
CSC	9000	9000	0.02	15.20426
Diagonal	9000	9000	0.02	73.99324
CSC	9000	9000	0.005	14.80287
Diagonal	9000	9000	0.005	72.66901
CSC	9000	9000	0.01	14.86093
Diagonal	9000	9000	0.01	72.02721
CSC	9000	9000	0.02	15.10516
Diagonal	9000	9000	0.02	72.22169
CSC	9000	9000	0.005	14.73747
Diagonal	9000	9000	0.005	74.25959
CSC	9000	9000	0.01	14.82771
Diagonal	9000	9000	0.01	71.49298
CSC	9000	9000	0.02	15.07885
Diagonal	9000	9000	0.02	72.19329
CSC	9000	9000	0.005	14.76729
Diagonal	9000	9000	0.005	72.14320
CSC	9000	9000	0.01	14.87815
Diagonal	9000	9000	0.01	71.63602
CSC	9000	9000	0.02	15.14477
Diagonal	9000	9000	0.02	71.47287
CSC	9000	9000	0.005	14.73216
Diagonal	9000	9000	0.005	72.40232
CSC	9000	9000	0.01	15.08585
Diagonal	9000	9000	0.01	71.33955
CSC	9000	9000	0.02	15.12953
Diagonal	9000	9000	0.02	71.60701
CSC	9000	9000	0.005	15.04520
Diagonal	9000	9000	0.005	70.56706
CSC	9000	9000	0.01	14.93889
Diagonal	9000	9000	0.01	71.25624
CSC	9000	9000	0.02	15.13483
Diagonal	9000	9000	0.02	71.70391
CSC	11000	11000	0.005	22.75213
Diagonal	11000	11000	0.005	118.88628
CSC	11000	11000	0.01	22.94742
Diagonal	11000	11000	0.01	118.60232
CSC	11000	11000	0.02	23.34314
Diagonal	11000	11000	0.02	122.58436
CSC	11000	11000	0.005	23.28478
Diagonal	11000	11000	0.005	117.97887
CSC	11000	11000	0.01	22.89739
Diagonal	11000	11000	0.01	117.98747
CSC	11000	11000	0.02	23.50105
Diagonal	11000	11000	0.02	117.64687
CSC	11000	11000	0.005	22.71183
Diagonal	11000	11000	0.005	116.82452
CSC	11000	11000	0.01	22.90131
Diagonal	11000	11000	0.01	117.91896
CSC	11000	11000	0.02	23.31703
Diagonal	11000	11000	0.02	117.71125
CSC	11000	11000	0.005	22.61353
Diagonal	11000	11000	0.005	120.38968
CSC	11000	11000	0.01	22.85409
Diagonal	11000	11000	0.01	118.27432
CSC	11000	11000	0.02	23.22405
Diagonal	11000	11000	0.02	119.56574
CSC	11000	11000	0.005	23.26684
Diagonal	11000	11000	0.005	119.33033
CSC	11000	11000	0.01	22.90745
Diagonal	11000	11000	0.01	119.36944
CSC	11000	11000	0.02	23.30101
Diagonal	11000	11000	0.02	122.04314
CSC	11000	11000	0.005	23.20920
Diagonal	11000	11000	0.005	117.50902
CSC	11000	11000	0.01	23.37250
Diagonal	11000	11000	0.01	119.91624
CSC	11000	11000	0.02	23.99193
Diagonal	11000	11000	0.02	122.04180
CSC	11000	11000	0.005	22.70915
Diagonal	11000	11000	0.005	117.83863
CSC	11000	11000	0.01	22.82552
Diagonal	11000	11000	0.01	118.29293
CSC	11000	11000	0.02	23.75235
Diagonal	11000	11000	0.02	117.95549
CSC	11000	11000	0.005	22.85442
Diagonal	11000	11000	0.005	118.45861
CSC	11000	11000	0.01	23.05512
Diagonal	11000	11000	0.01	118.82960
CSC	11000	11000	0.02	23.18957
Diagonal	11000	11000	0.02	117.66162
CSC	11000	11000	0.005	23.20148
Diagonal	11000	11000	0.005	118.27609
CSC	11000	11000	0.01	22.87843
Diagonal	11000	11000	0.01	118.28650
CSC	11000	11000	0.02	26.14505
Diagonal	11000	11000	0.02	121.17575
CSC	11000	11000	0.005	22.96694
Diagonal	11000	11000	0.005	119.52446
CSC	11000	11000	0.01	23.01327
Diagonal	11000	11000	0.01	121.45493
CSC	11000	11000	0.02	23.26946
Diagonal	11000	11000	0.02	117.97677
CSC	13000	13000	0.005	32.97893
Diagonal	13000	13000	0.005	172.97796
CSC	13000	13000	0.01	33.62473
Diagonal	13000	13000	0.01	172.32750
CSC	13000	13000	0.02	33.47995
Diagonal	13000	13000	0.02	172.90413
CSC	13000	13000	0.005	32.69645
Diagonal	13000	13000	0.005	170.70794
CSC	13000	13000	0.01	33.03075
Diagonal	13000	13000	0.01	172.94390
CSC	13000	13000	0.02	33.41672
Diagonal	13000	13000	0.02	177.80728
CSC	13000	13000	0.005	33.14591
Diagonal	13000	13000	0.005	171.64057
CSC	13000	13000	0.01	32.94910
Diagonal	13000	13000	0.01	173.37072
CSC	13000	13000	0.02	33.90489
Diagonal	13000	13000	0.02	172.37311
CSC	13000	13000	0.005	32.86682
Diagonal	13000	13000	0.005	176.05162
CSC	13000	13000	0.01	33.22943
Diagonal	13000	13000	0.01	172.22723
CSC	13000	13000	0.02	33.56269
Diagonal	13000	13000	0.02	173.14901
CSC	13000	13000	0.005	32.78359
Diagonal	13000	13000	0.005	175.27271
CSC	13000	13000	0.01	33.09252
Diagonal	13000	13000	0.01	174.36638
CSC	13000	13000	0.02	33.58713
Diagonal	13000	13000	0.02	174.95407
CSC	13000	13000	0.005	32.85892
Diagonal	13000	13000	0.005	171.47677
CSC	13000	13000	0.01	33.02904
Diagonal	13000	13000	0.01	174.15127
CSC	13000	13000	0.02	33.52299
Diagonal	13000	13000	0.02	172.68232
CSC	13000	13000	0.005	32.75027
Diagonal	13000	13000	0.005	171.91220
CSC	13000	13000	0.01	33.12252
Diagonal	13000	13000	0.01	171.95837
CSC	13000	13000	0.02	33.64911
Diagonal	13000	13000	0.02	172.03903
CSC	13000	13000	0.005	32.74331
Diagonal	13000	13000	0.005	173.75793
CSC	13000	13000	0.01	33.23188
Diagonal	13000	13000	0.01	172.88232
CSC	13000	13000	0.02	33.49890
Diagonal	13000	13000	0.02	174.64625
CSC	13000	13000	0.005	32.78187
Diagonal	13000	13000	0.005	172.28075
CSC	13000	13000	0.01	33.11371
Diagonal	13000	13000	0.01	173.72315
CSC	13000	13000	0.02	33.48294
Diagonal	13000	13000	0.02	173.80043
CSC	13000	13000	0.005	32.94314
Diagonal	13000	13000	0.005	170.84280
CSC	13000	13000	0.01	33.22699
Diagonal	13000	13000	0.01	172.21979
CSC	13000	13000	0.02	33.59872
Diagonal	13000	13000	0.02	171.99383
CSC	15000	15000	0.005	44.27163
Diagonal	15000	15000	0.005	242.04083
CSC	15000	15000	0.01	44.57000
Diagonal	15000	15000	0.01	235.27388
CSC	15000	15000	0.02	45.22942
Diagonal	15000	15000	0.02	235.46289
CSC	15000	15000	0.005	44.29045
Diagonal	15000	15000	0.005	232.99907
CSC	15000	15000	0.01	44.81956
Diagonal	15000	15000	0.01	295.80925
CSC	15000	15000	0.02	45.44711
Diagonal	15000	15000	0.02	236.25409
CSC	15000	15000	0.005	44.74227
Diagonal	15000	15000	0.005	234.16265
CSC	15000	15000	0.01	45.07648
Diagonal	15000	15000	0.01	234.29763
CSC	15000	15000	0.02	45.42835
Diagonal	15000	15000	0.02	235.62103
CSC	15000	15000	0.005	44.46535
Diagonal	15000	15000	0.005	235.83480
CSC	15000	15000	0.01	44.69720
Diagonal	15000	15000	0.01	235.94259
CSC	15000	15000	0.02	45.25981
Diagonal	15000	15000	0.02	279.47787
CSC	15000	15000	0.005	44.89369
Diagonal	15000	15000	0.005	234.38375
CSC	15000	15000	0.01	44.70888
Diagonal	15000	15000	0.01	236.70338
CSC	15000	15000	0.02	45.27726
Diagonal	15000	15000	0.02	234.24905
CSC	15000	15000	0.005	44.34995
Diagonal	15000	15000	0.005	233.27000
CSC	15000	15000	0.01	44.83290
Diagonal	15000	15000	0.01	234.08059
CSC	15000	15000	0.02	45.61087
Diagonal	15000	15000	0.02	232.63632
CSC	15000	15000	0.005	44.41487
Diagonal	15000	15000	0.005	232.90736
CSC	15000	15000	0.01	44.54577
Diagonal	15000	15000	0.01	236.74180
CSC	15000	15000	0.02	45.35976
Diagonal	15000	15000	0.02	234.06961
CSC	15000	15000	0.005	44.13646
Diagonal	15000	15000	0.005	239.75476
CSC	15000	15000	0.01	44.56932
Diagonal	15000	15000	0.01	336.33176
CSC	15000	15000	0.02	45.40516
Diagonal	15000	15000	0.02	234.76213
CSC	15000	15000	0.005	44.14466
Diagonal	15000	15000	0.005	235.15875
CSC	15000	15000	0.01	44.81202
Diagonal	15000	15000	0.01	236.50984
CSC	15000	15000	0.02	45.63834
Diagonal	15000	15000	0.02	239.41943
CSC	15000	15000	0.005	44.40052
Diagonal	15000	15000	0.005	234.67347
CSC	15000	15000	0.01	44.60693
Diagonal	15000	15000	0.01	235.20278
CSC	15000	15000	0.02	45.50006
Diagonal	15000	15000	0.02	234.32355
CSC	17000	17000	0.005	57.93885
CSC	17000	17000	0.01	58.70423
CSC	17000	17000	0.02	59.34868
CSC	17000	17000	0.005	57.63304
CSC	17000	17000	0.01	58.34365
CSC	17000	17000	0.02	59.44306
CSC	17000	17000	0.005	57.87068
CSC	17000	17000	0.01	58.60537
CSC	17000	17000	0.02	59.43777
CSC	17000	17000	0.005	58.10335
CSC	17000	17000	0.01	59.00200
CSC	17000	17000	0.02	59.75022
CSC	17000	17000	0.005	58.72316
CSC	17000	17000	0.01	58.56363
CSC	17000	17000	0.02	59.83934
CSC	17000	17000	0.005	58.66694
CSC	17000	17000	0.01	58.54757
CSC	17000	17000	0.02	59.88871
CSC	17000	17000	0.005	58.31156
CSC	17000	17000	0.01	58.53888
CSC	17000	17000	0.02	59.62407
CSC	17000	17000	0.005	58.18726
CSC	17000	17000	0.01	58.57187
CSC	17000	17000	0.02	59.35414
CSC	17000	17000	0.005	58.29484
CSC	17000	17000	0.01	58.67738
CSC	17000	17000	0.02	60.02879
CSC	17000	17000	0.005	57.99492
CSC	17000	17000	0.01	58.57578
CSC	17000	17000	0.02	59.57728
CSC	19000	19000	0.005	73.96300
CSC	19000	19000	0.01	75.07907
CSC	19000	19000	0.02	75.95906
CSC	19000	19000	0.005	74.42761
CSC	19000	19000	0.01	74.82325
CSC	19000	19000	0.02	76.02871
CSC	19000	19000	0.005	73.91474
CSC	19000	19000	0.01	74.58033
CSC	19000	19000	0.02	75.50368
CSC	19000	19000	0.005	74.08626
CSC	19000	19000	0.01	74.37872
CSC	19000	19000	0.02	75.92438
CSC	19000	19000	0.005	73.83061
CSC	19000	19000	0.01	74.68228
CSC	19000	19000	0.02	76.11132
CSC	19000	19000	0.005	74.13892
CSC	19000	19000	0.01	74.66465
CSC	19000	19000	0.02	75.51442
CSC	19000	19000	0.005	74.38595
CSC	19000	19000	0.01	74.73181
CSC	19000	19000	0.02	76.21350
CSC	19000	19000	0.005	74.93867
CSC	19000	19000	0.01	74.46309
CSC	19000	19000	0.02	75.71921
CSC	19000	19000	0.005	73.85165
CSC	19000	19000	0.01	74.97280
CSC	19000	19000	0.02	76.06757
CSC	19000	19000	0.005	74.17046
CSC	19000	19000	0.01	80.76004
CSC	19000	19000	0.02	75.65332
CSC	21000	21000	0.005	92.65134
CSC	21000	21000	0.01	94.06025
CSC	21000	21000	0.02	94.30069
CSC	21000	21000	0.005	92.26939
CSC	21000	21000	0.01	94.16578
CSC	21000	21000	0.02	94.76534
CSC	21000	21000	0.005	92.18666
CSC	21000	21000	0.01	92.72162
CSC	21000	21000	0.02	94.42738
CSC	21000	21000	0.005	92.62804
CSC	21000	21000	0.01	93.02604
CSC	21000	21000	0.02	94.65208
CSC	21000	21000	0.005	93.84711
CSC	21000	21000	0.01	93.29733
CSC	21000	21000	0.02	94.08576
CSC	21000	21000	0.005	100.49915
CSC	21000	21000	0.01	93.37429
CSC	21000	21000	0.02	94.26079
CSC	21000	21000	0.005	92.73114
CSC	21000	21000	0.01	92.81441
CSC	21000	21000	0.02	94.16102
CSC	21000	21000	0.005	93.59334
CSC	21000	21000	0.01	93.11164
CSC	21000	21000	0.02	94.55051
CSC	21000	21000	0.005	92.13040
CSC	21000	21000	0.01	92.72049
CSC	21000	21000	0.02	94.53667
CSC	21000	21000	0.005	92.19870
CSC	21000	21000	0.01	93.16443
CSC	21000	21000	0.02	94.89850
CSC	23000	23000	0.005	113.52105
CSC	23000	23000	0.01	114.96589
CSC	23000	23000	0.02	125.07619
CSC	23000	23000	0.005	113.53308
CSC	23000	23000	0.01	114.41778
CSC	23000	23000	0.02	115.54562
CSC	23000	23000	0.005	112.71352
CSC	23000	23000	0.01	114.61365
CSC	23000	23000	0.02	115.57311
CSC	23000	23000	0.005	113.11294
CSC	23000	23000	0.01	113.92312
CSC	23000	23000	0.02	115.57684
CSC	23000	23000	0.005	112.85339
CSC	23000	23000	0.01	115.33619
CSC	23000	23000	0.02	116.18714
CSC	23000	23000	0.005	113.59031
CSC	23000	23000	0.01	114.54698
CSC	23000	23000	0.02	115.77481
CSC	23000	23000	0.005	112.70658
CSC	23000	23000	0.01	114.82128
CSC	23000	23000	0.02	116.50692
CSC	23000	23000	0.005	107.06015
CSC	23000	23000	0.01	107.45427
CSC	23000	23000	0.02	109.70206
CSC	23000	23000	0.005	106.89584
CSC	23000	23000	0.01	107.42588
CSC	23000	23000	0.02	108.30703
CSC	23000	23000	0.005	106.87205
CSC	23000	23000	0.01	107.14804
CSC	23000	23000	0.02	109.37647
