matrix-vector	1000	1000	0.005	0.00096
vector-matrix	1000	1000	0.005	0.00107
matrix-vector	1000	1000	0.01	0.00143
vector-matrix	1000	1000	0.01	0.00141
matrix-vector	1000	1000	0.02	0.00245
vector-matrix	1000	1000	0.02	0.00240
matrix-vector	1000	1000	0.005	0.00096
vector-matrix	1000	1000	0.005	0.00099
matrix-vector	1000	1000	0.01	0.00194
vector-matrix	1000	1000	0.01	0.00145
matrix-vector	1000	1000	0.02	0.00240
vector-matrix	1000	1000	0.02	0.00240
matrix-vector	1000	1000	0.005	0.00098
vector-matrix	1000	1000	0.005	0.00101
matrix-vector	1000	1000	0.01	0.00198
vector-matrix	1000	1000	0.01	0.00141
matrix-vector	1000	1000	0.02	0.00242
vector-matrix	1000	1000	0.02	0.00236
matrix-vector	1000	1000	0.005	0.00098
vector-matrix	1000	1000	0.005	0.00104
matrix-vector	1000	1000	0.01	0.00206
vector-matrix	1000	1000	0.01	0.00144
matrix-vector	1000	1000	0.02	0.00233
vector-matrix	1000	1000	0.02	0.00234
matrix-vector	1000	1000	0.005	0.00098
vector-matrix	1000	1000	0.005	0.00098
matrix-vector	1000	1000	0.01	0.00178
vector-matrix	1000	1000	0.01	0.00144
matrix-vector	1000	1000	0.02	0.00242
vector-matrix	1000	1000	0.02	0.00230
matrix-vector	1000	1000	0.005	0.00095
vector-matrix	1000	1000	0.005	0.00102
matrix-vector	1000	1000	0.01	0.00151
vector-matrix	1000	1000	0.01	0.00152
matrix-vector	1000	1000	0.02	0.00246
vector-matrix	1000	1000	0.02	0.00239
matrix-vector	1000	1000	0.005	0.00099
vector-matrix	1000	1000	0.005	0.00100
matrix-vector	1000	1000	0.01	0.00155
vector-matrix	1000	1000	0.01	0.00143
matrix-vector	1000	1000	0.02	0.00233
vector-matrix	1000	1000	0.02	0.00237
matrix-vector	1000	1000	0.005	0.00096
vector-matrix	1000	1000	0.005	0.00098
matrix-vector	1000	1000	0.01	0.00148
vector-matrix	1000	1000	0.01	0.00142
matrix-vector	1000	1000	0.02	0.00244
vector-matrix	1000	1000	0.02	0.00235
matrix-vector	1000	1000	0.005	0.00101
vector-matrix	1000	1000	0.005	0.00101
matrix-vector	1000	1000	0.01	0.00175
vector-matrix	1000	1000	0.01	0.00144
matrix-vector	1000	1000	0.02	0.00243
vector-matrix	1000	1000	0.02	0.00231
matrix-vector	1000	1000	0.005	0.00100
vector-matrix	1000	1000	0.005	0.00104
matrix-vector	1000	1000	0.01	0.00145
vector-matrix	1000	1000	0.01	0.00143
matrix-vector	1000	1000	0.02	0.00236
vector-matrix	1000	1000	0.02	0.00236
matrix-vector	2000	2000	0.005	0.00358
vector-matrix	2000	2000	0.005	0.00279
matrix-vector	2000	2000	0.01	0.00464
vector-matrix	2000	2000	0.01	0.00464
matrix-vector	2000	2000	0.02	0.00868
vector-matrix	2000	2000	0.02	0.00926
matrix-vector	2000	2000	0.005	0.00283
vector-matrix	2000	2000	0.005	0.00280
matrix-vector	2000	2000	0.01	0.00455
vector-matrix	2000	2000	0.01	0.00459
matrix-vector	2000	2000	0.02	0.00872
vector-matrix	2000	2000	0.02	0.00967
matrix-vector	2000	2000	0.005	0.00291
vector-matrix	2000	2000	0.005	0.00281
matrix-vector	2000	2000	0.01	0.00577
vector-matrix	2000	2000	0.01	0.00473
matrix-vector	2000	2000	0.02	0.00845
vector-matrix	2000	2000	0.02	0.00826
matrix-vector	2000	2000	0.005	0.00279
vector-matrix	2000	2000	0.005	0.00285
matrix-vector	2000	2000	0.01	0.00451
vector-matrix	2000	2000	0.01	0.00463
matrix-vector	2000	2000	0.02	0.00851
vector-matrix	2000	2000	0.02	0.00811
matrix-vector	2000	2000	0.005	0.00282
vector-matrix	2000	2000	0.005	0.00289
matrix-vector	2000	2000	0.01	0.00459
vector-matrix	2000	2000	0.01	0.00453
matrix-vector	2000	2000	0.02	0.00844
vector-matrix	2000	2000	0.02	0.00817
matrix-vector	2000	2000	0.005	0.00279
vector-matrix	2000	2000	0.005	0.00277
matrix-vector	2000	2000	0.01	0.00557
vector-matrix	2000	2000	0.01	0.00479
matrix-vector	2000	2000	0.02	0.00859
vector-matrix	2000	2000	0.02	0.00822
matrix-vector	2000	2000	0.005	0.00280
vector-matrix	2000	2000	0.005	0.00283
matrix-vector	2000	2000	0.01	0.00467
vector-matrix	2000	2000	0.01	0.00488
matrix-vector	2000	2000	0.02	0.00860
vector-matrix	2000	2000	0.02	0.00836
matrix-vector	2000	2000	0.005	0.00278
vector-matrix	2000	2000	0.005	0.00286
matrix-vector	2000	2000	0.01	0.00482
vector-matrix	2000	2000	0.01	0.00449
matrix-vector	2000	2000	0.02	0.00846
vector-matrix	2000	2000	0.02	0.00840
matrix-vector	2000	2000	0.005	0.00287
vector-matrix	2000	2000	0.005	0.00288
matrix-vector	2000	2000	0.01	0.00449
vector-matrix	2000	2000	0.01	0.00460
matrix-vector	2000	2000	0.02	0.00865
vector-matrix	2000	2000	0.02	0.00855
matrix-vector	2000	2000	0.005	0.00276
vector-matrix	2000	2000	0.005	0.00301
matrix-vector	2000	2000	0.01	0.00454
vector-matrix	2000	2000	0.01	0.00451
matrix-vector	2000	2000	0.02	0.00856
vector-matrix	2000	2000	0.02	0.00846
matrix-vector	3000	3000	0.005	0.00524
vector-matrix	3000	3000	0.005	0.00524
matrix-vector	3000	3000	0.01	0.00905
vector-matrix	3000	3000	0.01	0.00894
matrix-vector	3000	3000	0.02	0.01737
vector-matrix	3000	3000	0.02	0.01690
matrix-vector	3000	3000	0.005	0.00527
vector-matrix	3000	3000	0.005	0.00523
matrix-vector	3000	3000	0.01	0.00916
vector-matrix	3000	3000	0.01	0.00904
matrix-vector	3000	3000	0.02	0.01785
vector-matrix	3000	3000	0.02	0.01680
matrix-vector	3000	3000	0.005	0.00549
vector-matrix	3000	3000	0.005	0.00528
matrix-vector	3000	3000	0.01	0.00937
vector-matrix	3000	3000	0.01	0.00877
matrix-vector	3000	3000	0.02	0.01794
vector-matrix	3000	3000	0.02	0.01852
matrix-vector	3000	3000	0.005	0.00531
vector-matrix	3000	3000	0.005	0.00615
matrix-vector	3000	3000	0.01	0.00973
vector-matrix	3000	3000	0.01	0.00905
matrix-vector	3000	3000	0.02	0.01854
vector-matrix	3000	3000	0.02	0.01808
matrix-vector	3000	3000	0.005	0.00549
vector-matrix	3000	3000	0.005	0.00529
matrix-vector	3000	3000	0.01	0.00941
vector-matrix	3000	3000	0.01	0.00909
matrix-vector	3000	3000	0.02	0.01715
vector-matrix	3000	3000	0.02	0.01711
matrix-vector	3000	3000	0.005	0.00524
vector-matrix	3000	3000	0.005	0.00588
matrix-vector	3000	3000	0.01	0.00912
vector-matrix	3000	3000	0.01	0.00940
matrix-vector	3000	3000	0.02	0.01728
vector-matrix	3000	3000	0.02	0.01683
matrix-vector	3000	3000	0.005	0.00524
vector-matrix	3000	3000	0.005	0.00521
matrix-vector	3000	3000	0.01	0.00917
vector-matrix	3000	3000	0.01	0.00885
matrix-vector	3000	3000	0.02	0.01752
vector-matrix	3000	3000	0.02	0.01675
matrix-vector	3000	3000	0.005	0.00520
vector-matrix	3000	3000	0.005	0.00520
matrix-vector	3000	3000	0.01	0.00906
vector-matrix	3000	3000	0.01	0.00891
matrix-vector	3000	3000	0.02	0.01705
vector-matrix	3000	3000	0.02	0.01690
matrix-vector	3000	3000	0.005	0.00529
vector-matrix	3000	3000	0.005	0.00523
matrix-vector	3000	3000	0.01	0.00905
vector-matrix	3000	3000	0.01	0.00906
matrix-vector	3000	3000	0.02	0.01733
vector-matrix	3000	3000	0.02	0.01674
matrix-vector	3000	3000	0.005	0.00522
vector-matrix	3000	3000	0.005	0.00537
matrix-vector	3000	3000	0.01	0.00904
vector-matrix	3000	3000	0.01	0.00909
matrix-vector	3000	3000	0.02	0.01698
vector-matrix	3000	3000	0.02	0.01662
matrix-vector	4000	4000	0.005	0.00922
vector-matrix	4000	4000	0.005	0.00896
matrix-vector	4000	4000	0.01	0.01612
vector-matrix	4000	4000	0.01	0.01586
matrix-vector	4000	4000	0.02	0.03168
vector-matrix	4000	4000	0.02	0.03123
matrix-vector	4000	4000	0.005	0.00912
vector-matrix	4000	4000	0.005	0.00905
matrix-vector	4000	4000	0.01	0.01648
vector-matrix	4000	4000	0.01	0.01594
matrix-vector	4000	4000	0.02	0.03118
vector-matrix	4000	4000	0.02	0.03022
matrix-vector	4000	4000	0.005	0.00905
vector-matrix	4000	4000	0.005	0.00895
matrix-vector	4000	4000	0.01	0.01588
vector-matrix	4000	4000	0.01	0.01595
matrix-vector	4000	4000	0.02	0.03115
vector-matrix	4000	4000	0.02	0.03083
matrix-vector	4000	4000	0.005	0.00923
vector-matrix	4000	4000	0.005	0.00905
matrix-vector	4000	4000	0.01	0.01676
vector-matrix	4000	4000	0.01	0.01581
matrix-vector	4000	4000	0.02	0.03115
vector-matrix	4000	4000	0.02	0.03050
matrix-vector	4000	4000	0.005	0.00910
vector-matrix	4000	4000	0.005	0.00911
matrix-vector	4000	4000	0.01	0.01588
vector-matrix	4000	4000	0.01	0.01567
matrix-vector	4000	4000	0.02	0.03088
vector-matrix	4000	4000	0.02	0.03335
matrix-vector	4000	4000	0.005	0.00933
vector-matrix	4000	4000	0.005	0.00891
matrix-vector	4000	4000	0.01	0.01771
vector-matrix	4000	4000	0.01	0.01559
matrix-vector	4000	4000	0.02	0.03149
vector-matrix	4000	4000	0.02	0.03032
matrix-vector	4000	4000	0.005	0.00900
vector-matrix	4000	4000	0.005	0.00897
matrix-vector	4000	4000	0.01	0.01637
vector-matrix	4000	4000	0.01	0.01673
matrix-vector	4000	4000	0.02	0.03229
vector-matrix	4000	4000	0.02	0.03079
matrix-vector	4000	4000	0.005	0.00937
vector-matrix	4000	4000	0.005	0.00900
matrix-vector	4000	4000	0.01	0.01606
vector-matrix	4000	4000	0.01	0.01591
matrix-vector	4000	4000	0.02	0.03125
vector-matrix	4000	4000	0.02	0.03176
matrix-vector	4000	4000	0.005	0.00913
vector-matrix	4000	4000	0.005	0.00896
matrix-vector	4000	4000	0.01	0.01663
vector-matrix	4000	4000	0.01	0.01631
matrix-vector	4000	4000	0.02	0.03207
vector-matrix	4000	4000	0.02	0.03041
matrix-vector	4000	4000	0.005	0.00903
vector-matrix	4000	4000	0.005	0.00880
matrix-vector	4000	4000	0.01	0.01576
vector-matrix	4000	4000	0.01	0.01571
matrix-vector	4000	4000	0.02	0.03127
vector-matrix	4000	4000	0.02	0.03042
matrix-vector	5000	5000	0.005	0.01221
vector-matrix	5000	5000	0.005	0.01220
matrix-vector	5000	5000	0.01	0.02231
vector-matrix	5000	5000	0.01	0.02253
matrix-vector	5000	5000	0.02	0.04790
vector-matrix	5000	5000	0.02	0.04261
matrix-vector	5000	5000	0.005	0.01379
vector-matrix	5000	5000	0.005	0.01240
matrix-vector	5000	5000	0.01	0.02220
vector-matrix	5000	5000	0.01	0.02236
matrix-vector	5000	5000	0.02	0.04499
vector-matrix	5000	5000	0.02	0.04548
matrix-vector	5000	5000	0.005	0.01275
vector-matrix	5000	5000	0.005	0.01352
matrix-vector	5000	5000	0.01	0.02567
vector-matrix	5000	5000	0.01	0.02234
matrix-vector	5000	5000	0.02	0.04402
vector-matrix	5000	5000	0.02	0.04240
matrix-vector	5000	5000	0.005	0.01281
vector-matrix	5000	5000	0.005	0.01215
matrix-vector	5000	5000	0.01	0.02350
vector-matrix	5000	5000	0.01	0.02168
matrix-vector	5000	5000	0.02	0.04515
vector-matrix	5000	5000	0.02	0.04228
matrix-vector	5000	5000	0.005	0.01220
vector-matrix	5000	5000	0.005	0.01253
matrix-vector	5000	5000	0.01	0.02295
vector-matrix	5000	5000	0.01	0.02178
matrix-vector	5000	5000	0.02	0.04368
vector-matrix	5000	5000	0.02	0.04399
matrix-vector	5000	5000	0.005	0.01238
vector-matrix	5000	5000	0.005	0.01233
matrix-vector	5000	5000	0.01	0.02242
vector-matrix	5000	5000	0.01	0.02207
matrix-vector	5000	5000	0.02	0.04759
vector-matrix	5000	5000	0.02	0.04354
matrix-vector	5000	5000	0.005	0.01264
vector-matrix	5000	5000	0.005	0.01214
matrix-vector	5000	5000	0.01	0.02220
vector-matrix	5000	5000	0.01	0.02254
matrix-vector	5000	5000	0.02	0.04450
vector-matrix	5000	5000	0.02	0.04329
matrix-vector	5000	5000	0.005	0.01376
vector-matrix	5000	5000	0.005	0.01220
matrix-vector	5000	5000	0.01	0.02280
vector-matrix	5000	5000	0.01	0.02242
matrix-vector	5000	5000	0.02	0.04364
vector-matrix	5000	5000	0.02	0.04350
matrix-vector	5000	5000	0.005	0.01252
vector-matrix	5000	5000	0.005	0.01235
matrix-vector	5000	5000	0.01	0.02251
vector-matrix	5000	5000	0.01	0.02237
matrix-vector	5000	5000	0.02	0.04381
vector-matrix	5000	5000	0.02	0.04224
matrix-vector	5000	5000	0.005	0.01228
vector-matrix	5000	5000	0.005	0.01220
matrix-vector	5000	5000	0.01	0.02396
vector-matrix	5000	5000	0.01	0.02253
matrix-vector	5000	5000	0.02	0.04373
vector-matrix	5000	5000	0.02	0.04229
matrix-vector	6000	6000	0.005	0.01752
vector-matrix	6000	6000	0.005	0.01770
matrix-vector	6000	6000	0.01	0.03330
vector-matrix	6000	6000	0.01	0.03210
matrix-vector	6000	6000	0.02	0.06359
vector-matrix	6000	6000	0.02	0.06186
matrix-vector	6000	6000	0.005	0.01761
vector-matrix	6000	6000	0.005	0.01786
matrix-vector	6000	6000	0.01	0.03594
vector-matrix	6000	6000	0.01	0.03243
matrix-vector	6000	6000	0.02	0.06320
vector-matrix	6000	6000	0.02	0.06332
matrix-vector	6000	6000	0.005	0.01746
vector-matrix	6000	6000	0.005	0.01720
matrix-vector	6000	6000	0.01	0.03268
vector-matrix	6000	6000	0.01	0.03178
matrix-vector	6000	6000	0.02	0.06668
vector-matrix	6000	6000	0.02	0.06324
matrix-vector	6000	6000	0.005	0.01799
vector-matrix	6000	6000	0.005	0.01742
matrix-vector	6000	6000	0.01	0.03316
vector-matrix	6000	6000	0.01	0.03214
matrix-vector	6000	6000	0.02	0.06610
vector-matrix	6000	6000	0.02	0.06279
matrix-vector	6000	6000	0.005	0.01794
vector-matrix	6000	6000	0.005	0.01754
matrix-vector	6000	6000	0.01	0.03591
vector-matrix	6000	6000	0.01	0.03277
matrix-vector	6000	6000	0.02	0.06366
vector-matrix	6000	6000	0.02	0.06758
matrix-vector	6000	6000	0.005	0.01743
vector-matrix	6000	6000	0.005	0.01713
matrix-vector	6000	6000	0.01	0.03267
vector-matrix	6000	6000	0.01	0.03194
matrix-vector	6000	6000	0.02	0.06463
vector-matrix	6000	6000	0.02	0.06181
matrix-vector	6000	6000	0.005	0.01796
vector-matrix	6000	6000	0.005	0.01817
matrix-vector	6000	6000	0.01	0.03308
vector-matrix	6000	6000	0.01	0.03157
matrix-vector	6000	6000	0.02	0.06669
vector-matrix	6000	6000	0.02	0.06140
matrix-vector	6000	6000	0.005	0.01762
vector-matrix	6000	6000	0.005	0.01707
matrix-vector	6000	6000	0.01	0.03386
vector-matrix	6000	6000	0.01	0.03384
matrix-vector	6000	6000	0.02	0.06417
vector-matrix	6000	6000	0.02	0.06194
matrix-vector	6000	6000	0.005	0.01812
vector-matrix	6000	6000	0.005	0.01786
matrix-vector	6000	6000	0.01	0.03248
vector-matrix	6000	6000	0.01	0.03291
matrix-vector	6000	6000	0.02	0.06756
vector-matrix	6000	6000	0.02	0.06290
matrix-vector	6000	6000	0.005	0.01765
vector-matrix	6000	6000	0.005	0.01753
matrix-vector	6000	6000	0.01	0.03282
vector-matrix	6000	6000	0.01	0.03297
matrix-vector	6000	6000	0.02	0.06451
vector-matrix	6000	6000	0.02	0.06373
matrix-vector	7000	7000	0.005	0.02380
vector-matrix	7000	7000	0.005	0.02412
matrix-vector	7000	7000	0.01	0.04706
vector-matrix	7000	7000	0.01	0.04415
matrix-vector	7000	7000	0.02	0.09714
vector-matrix	7000	7000	0.02	0.08559
matrix-vector	7000	7000	0.005	0.02502
vector-matrix	7000	7000	0.005	0.02404
matrix-vector	7000	7000	0.01	0.04950
vector-matrix	7000	7000	0.01	0.04437
matrix-vector	7000	7000	0.02	0.09062
vector-matrix	7000	7000	0.02	0.08565
matrix-vector	7000	7000	0.005	0.02390
vector-matrix	7000	7000	0.005	0.02411
matrix-vector	7000	7000	0.01	0.04690
vector-matrix	7000	7000	0.01	0.04400
matrix-vector	7000	7000	0.02	0.09441
vector-matrix	7000	7000	0.02	0.08599
matrix-vector	7000	7000	0.005	0.02389
vector-matrix	7000	7000	0.005	0.02625
matrix-vector	7000	7000	0.01	0.04539
vector-matrix	7000	7000	0.01	0.04507
matrix-vector	7000	7000	0.02	0.09038
vector-matrix	7000	7000	0.02	0.08608
matrix-vector	7000	7000	0.005	0.02389
vector-matrix	7000	7000	0.005	0.02428
matrix-vector	7000	7000	0.01	0.04672
vector-matrix	7000	7000	0.01	0.04472
matrix-vector	7000	7000	0.02	0.09220
vector-matrix	7000	7000	0.02	0.08488
matrix-vector	7000	7000	0.005	0.02391
vector-matrix	7000	7000	0.005	0.02497
matrix-vector	7000	7000	0.01	0.04580
vector-matrix	7000	7000	0.01	0.04416
matrix-vector	7000	7000	0.02	0.09651
vector-matrix	7000	7000	0.02	0.08457
matrix-vector	7000	7000	0.005	0.02416
vector-matrix	7000	7000	0.005	0.02488
matrix-vector	7000	7000	0.01	0.04668
vector-matrix	7000	7000	0.01	0.04429
matrix-vector	7000	7000	0.02	0.09447
vector-matrix	7000	7000	0.02	0.08621
matrix-vector	7000	7000	0.005	0.02451
vector-matrix	7000	7000	0.005	0.02386
matrix-vector	7000	7000	0.01	0.04607
vector-matrix	7000	7000	0.01	0.04536
matrix-vector	7000	7000	0.02	0.09094
vector-matrix	7000	7000	0.02	0.08764
matrix-vector	7000	7000	0.005	0.02668
vector-matrix	7000	7000	0.005	0.02343
matrix-vector	7000	7000	0.01	0.04507
vector-matrix	7000	7000	0.01	0.04638
matrix-vector	7000	7000	0.02	0.09261
vector-matrix	7000	7000	0.02	0.08780
matrix-vector	7000	7000	0.005	0.02521
vector-matrix	7000	7000	0.005	0.02346
matrix-vector	7000	7000	0.01	0.04540
vector-matrix	7000	7000	0.01	0.04820
matrix-vector	7000	7000	0.02	0.09181
vector-matrix	7000	7000	0.02	0.08517
matrix-vector	8000	8000	0.005	0.03125
vector-matrix	8000	8000	0.005	0.03151
matrix-vector	8000	8000	0.01	0.06069
vector-matrix	8000	8000	0.01	0.05951
matrix-vector	8000	8000	0.02	0.11649
vector-matrix	8000	8000	0.02	0.11599
matrix-vector	8000	8000	0.005	0.03101
vector-matrix	8000	8000	0.005	0.03188
matrix-vector	8000	8000	0.01	0.05997
vector-matrix	8000	8000	0.01	0.05940
matrix-vector	8000	8000	0.02	0.11808
vector-matrix	8000	8000	0.02	0.11494
matrix-vector	8000	8000	0.005	0.03149
vector-matrix	8000	8000	0.005	0.03060
matrix-vector	8000	8000	0.01	0.06286
vector-matrix	8000	8000	0.01	0.06287
matrix-vector	8000	8000	0.02	0.11507
vector-matrix	8000	8000	0.02	0.11312
matrix-vector	8000	8000	0.005	0.03125
vector-matrix	8000	8000	0.005	0.03056
matrix-vector	8000	8000	0.01	0.06513
vector-matrix	8000	8000	0.01	0.05974
matrix-vector	8000	8000	0.02	0.12136
vector-matrix	8000	8000	0.02	0.11470
matrix-vector	8000	8000	0.005	0.03108
vector-matrix	8000	8000	0.005	0.03157
matrix-vector	8000	8000	0.01	0.06017
vector-matrix	8000	8000	0.01	0.06313
matrix-vector	8000	8000	0.02	0.11215
vector-matrix	8000	8000	0.02	0.11239
matrix-vector	8000	8000	0.005	0.03234
vector-matrix	8000	8000	0.005	0.03055
matrix-vector	8000	8000	0.01	0.06175
vector-matrix	8000	8000	0.01	0.05939
matrix-vector	8000	8000	0.02	0.11571
vector-matrix	8000	8000	0.02	0.11486
matrix-vector	8000	8000	0.005	0.03112
vector-matrix	8000	8000	0.005	0.03148
matrix-vector	8000	8000	0.01	0.06029
vector-matrix	8000	8000	0.01	0.06215
matrix-vector	8000	8000	0.02	0.11904
vector-matrix	8000	8000	0.02	0.11255
matrix-vector	8000	8000	0.005	0.03199
vector-matrix	8000	8000	0.005	0.03101
matrix-vector	8000	8000	0.01	0.06060
vector-matrix	8000	8000	0.01	0.06101
matrix-vector	8000	8000	0.02	0.11547
vector-matrix	8000	8000	0.02	0.11613
matrix-vector	8000	8000	0.005	0.03201
vector-matrix	8000	8000	0.005	0.03100
matrix-vector	8000	8000	0.01	0.06309
vector-matrix	8000	8000	0.01	0.05973
matrix-vector	8000	8000	0.02	0.11440
vector-matrix	8000	8000	0.02	0.11794
matrix-vector	8000	8000	0.005	0.03132
vector-matrix	8000	8000	0.005	0.03153
matrix-vector	8000	8000	0.01	0.05938
vector-matrix	8000	8000	0.01	0.06662
matrix-vector	8000	8000	0.02	0.11434
vector-matrix	8000	8000	0.02	0.11305
matrix-matrix	1000	1000	1000	0.005	0.48557
matrix-matrix	1000	1000	2000	0.005	0.96730
matrix-matrix	1000	1000	1000	0.01	0.75046
matrix-matrix	1000	1000	2000	0.01	1.53581
matrix-matrix	1000	1000	1000	0.02	1.32362
matrix-matrix	1000	1000	2000	0.02	2.66216
matrix-matrix	1000	1000	1000	0.005	0.48644
matrix-matrix	1000	1000	2000	0.005	0.96722
matrix-matrix	1000	1000	1000	0.01	0.75779
matrix-matrix	1000	1000	2000	0.01	1.49352
matrix-matrix	1000	1000	1000	0.02	1.31998
matrix-matrix	1000	1000	2000	0.02	2.69534
matrix-matrix	1000	1000	1000	0.005	0.49347
matrix-matrix	1000	1000	2000	0.005	0.97197
matrix-matrix	1000	1000	1000	0.01	0.75198
matrix-matrix	1000	1000	2000	0.01	1.50130
matrix-matrix	1000	1000	1000	0.02	1.33350
matrix-matrix	1000	1000	2000	0.02	2.69146
matrix-matrix	1000	1000	1000	0.005	0.48244
matrix-matrix	1000	1000	2000	0.005	0.96865
matrix-matrix	1000	1000	1000	0.01	0.75058
matrix-matrix	1000	1000	2000	0.01	1.52410
matrix-matrix	1000	1000	1000	0.02	1.31415
matrix-matrix	1000	1000	2000	0.02	2.73978
matrix-matrix	1000	1000	1000	0.005	0.49795
matrix-matrix	1000	1000	2000	0.005	0.98358
matrix-matrix	1000	1000	1000	0.01	0.77505
matrix-matrix	1000	1000	2000	0.01	1.50571
matrix-matrix	1000	1000	1000	0.02	1.33110
matrix-matrix	1000	1000	2000	0.02	2.69668
matrix-matrix	1000	1000	1000	0.005	0.50131
matrix-matrix	1000	1000	2000	0.005	0.95793
matrix-matrix	1000	1000	1000	0.01	0.74679
matrix-matrix	1000	1000	2000	0.01	1.50990
matrix-matrix	1000	1000	1000	0.02	1.34378
matrix-matrix	1000	1000	2000	0.02	2.68528
matrix-matrix	1000	1000	1000	0.005	0.48211
matrix-matrix	1000	1000	2000	0.005	0.98392
matrix-matrix	1000	1000	1000	0.01	0.77388
matrix-matrix	1000	1000	2000	0.01	1.49285
matrix-matrix	1000	1000	1000	0.02	1.30785
matrix-matrix	1000	1000	2000	0.02	2.70604
matrix-matrix	1000	1000	1000	0.005	0.49966
matrix-matrix	1000	1000	2000	0.005	0.99152
matrix-matrix	1000	1000	1000	0.01	0.75636
matrix-matrix	1000	1000	2000	0.01	1.50534
matrix-matrix	1000	1000	1000	0.02	1.33125
matrix-matrix	1000	1000	2000	0.02	2.72053
matrix-matrix	1000	1000	1000	0.005	0.48006
matrix-matrix	1000	1000	2000	0.005	0.95632
matrix-matrix	1000	1000	1000	0.01	0.74464
matrix-matrix	1000	1000	2000	0.01	1.54546
matrix-matrix	1000	1000	1000	0.02	1.32016
matrix-matrix	1000	1000	2000	0.02	2.68223
matrix-matrix	1000	1000	1000	0.005	0.51264
matrix-matrix	1000	1000	2000	0.005	1.01233
matrix-matrix	1000	1000	1000	0.01	0.76213
matrix-matrix	1000	1000	2000	0.01	1.50670
matrix-matrix	1000	1000	1000	0.02	1.34705
matrix-matrix	1000	1000	2000	0.02	2.67203
matrix-matrix	2000	2000	2000	0.005	3.01607
matrix-matrix	2000	2000	4000	0.005	5.92229
matrix-matrix	2000	2000	2000	0.01	5.06935
matrix-matrix	2000	2000	4000	0.01	10.23226
matrix-matrix	2000	2000	2000	0.02	9.80535
matrix-matrix	2000	2000	4000	0.02	20.75736
matrix-matrix	2000	2000	2000	0.005	2.94536
matrix-matrix	2000	2000	4000	0.005	5.78802
matrix-matrix	2000	2000	2000	0.01	5.11161
matrix-matrix	2000	2000	4000	0.01	10.33430
matrix-matrix	2000	2000	2000	0.02	9.94541
matrix-matrix	2000	2000	4000	0.02	20.16666
matrix-matrix	2000	2000	2000	0.005	2.87521
matrix-matrix	2000	2000	4000	0.005	5.75523
matrix-matrix	2000	2000	2000	0.01	4.99261
matrix-matrix	2000	2000	4000	0.01	9.98774
matrix-matrix	2000	2000	2000	0.02	9.94300
matrix-matrix	2000	2000	4000	0.02	20.36787
matrix-matrix	2000	2000	2000	0.005	2.95516
matrix-matrix	2000	2000	4000	0.005	5.77348
matrix-matrix	2000	2000	2000	0.01	4.90296
matrix-matrix	2000	2000	4000	0.01	10.03287
matrix-matrix	2000	2000	2000	0.02	9.81826
matrix-matrix	2000	2000	4000	0.02	20.15515
matrix-matrix	2000	2000	2000	0.005	2.89556
matrix-matrix	2000	2000	4000	0.005	5.85037
matrix-matrix	2000	2000	2000	0.01	5.00816
matrix-matrix	2000	2000	4000	0.01	10.09174
matrix-matrix	2000	2000	2000	0.02	9.83573
matrix-matrix	2000	2000	4000	0.02	20.10254
matrix-matrix	2000	2000	2000	0.005	2.92833
matrix-matrix	2000	2000	4000	0.005	5.82815
matrix-matrix	2000	2000	2000	0.01	4.91210
matrix-matrix	2000	2000	4000	0.01	10.00920
matrix-matrix	2000	2000	2000	0.02	10.04177
matrix-matrix	2000	2000	4000	0.02	20.06584
matrix-matrix	2000	2000	2000	0.005	2.85541
matrix-matrix	2000	2000	4000	0.005	5.80504
matrix-matrix	2000	2000	2000	0.01	5.00749
matrix-matrix	2000	2000	4000	0.01	10.06382
matrix-matrix	2000	2000	2000	0.02	10.00639
matrix-matrix	2000	2000	4000	0.02	20.12379
matrix-matrix	2000	2000	2000	0.005	2.94687
matrix-matrix	2000	2000	4000	0.005	5.99942
matrix-matrix	2000	2000	2000	0.01	5.01083
matrix-matrix	2000	2000	4000	0.01	10.05437
matrix-matrix	2000	2000	2000	0.02	9.77700
matrix-matrix	2000	2000	4000	0.02	20.31532
matrix-matrix	2000	2000	2000	0.005	3.04820
matrix-matrix	2000	2000	4000	0.005	5.80420
matrix-matrix	2000	2000	2000	0.01	5.00420
matrix-matrix	2000	2000	4000	0.01	10.10499
matrix-matrix	2000	2000	2000	0.02	9.85859
matrix-matrix	2000	2000	4000	0.02	20.23668
matrix-matrix	2000	2000	2000	0.005	2.92574
matrix-matrix	2000	2000	4000	0.005	5.79983
matrix-matrix	2000	2000	2000	0.01	4.92892
matrix-matrix	2000	2000	4000	0.01	10.11095
matrix-matrix	2000	2000	2000	0.02	9.97286
matrix-matrix	2000	2000	4000	0.02	20.40831
matrix-matrix	3000	3000	3000	0.005	8.57750
matrix-matrix	3000	3000	6000	0.005	17.66494
matrix-matrix	3000	3000	3000	0.01	15.74484
matrix-matrix	3000	3000	6000	0.01	32.05316
matrix-matrix	3000	3000	3000	0.02	32.05468
matrix-matrix	3000	3000	6000	0.02	65.01000
matrix-matrix	3000	3000	3000	0.005	8.78738
matrix-matrix	3000	3000	6000	0.005	17.40427
matrix-matrix	3000	3000	3000	0.01	16.34220
matrix-matrix	3000	3000	6000	0.01	31.61820
matrix-matrix	3000	3000	3000	0.02	31.94827
matrix-matrix	3000	3000	6000	0.02	64.67101
matrix-matrix	3000	3000	3000	0.005	8.71894
matrix-matrix	3000	3000	6000	0.005	17.25001
matrix-matrix	3000	3000	3000	0.01	15.99710
matrix-matrix	3000	3000	6000	0.01	32.30535
matrix-matrix	3000	3000	3000	0.02	32.07096
matrix-matrix	3000	3000	6000	0.02	65.31859
matrix-matrix	3000	3000	3000	0.005	8.56981
matrix-matrix	3000	3000	6000	0.005	17.19204
matrix-matrix	3000	3000	3000	0.01	15.69649
matrix-matrix	3000	3000	6000	0.01	31.60261
matrix-matrix	3000	3000	3000	0.02	31.90818
matrix-matrix	3000	3000	6000	0.02	66.59431
matrix-matrix	3000	3000	3000	0.005	8.55459
matrix-matrix	3000	3000	6000	0.005	17.27619
matrix-matrix	3000	3000	3000	0.01	15.92362
matrix-matrix	3000	3000	6000	0.01	31.76008
matrix-matrix	3000	3000	3000	0.02	31.65304
matrix-matrix	3000	3000	6000	0.02	65.47064
matrix-matrix	3000	3000	3000	0.005	8.64315
matrix-matrix	3000	3000	6000	0.005	17.60538
matrix-matrix	3000	3000	3000	0.01	15.94026
matrix-matrix	3000	3000	6000	0.01	32.84184
matrix-matrix	3000	3000	3000	0.02	32.25938
matrix-matrix	3000	3000	6000	0.02	64.91486
matrix-matrix	3000	3000	3000	0.005	8.79647
matrix-matrix	3000	3000	6000	0.005	17.16706
matrix-matrix	3000	3000	3000	0.01	15.60488
matrix-matrix	3000	3000	6000	0.01	31.63330
matrix-matrix	3000	3000	3000	0.02	32.25486
matrix-matrix	3000	3000	6000	0.02	65.26678
matrix-matrix	3000	3000	3000	0.005	8.57905
matrix-matrix	3000	3000	6000	0.005	17.38364
matrix-matrix	3000	3000	3000	0.01	16.23648
matrix-matrix	3000	3000	6000	0.01	31.84063
matrix-matrix	3000	3000	3000	0.02	32.07838
matrix-matrix	3000	3000	6000	0.02	64.45559
matrix-matrix	3000	3000	3000	0.005	8.70247
matrix-matrix	3000	3000	6000	0.005	17.48232
matrix-matrix	3000	3000	3000	0.01	15.66197
matrix-matrix	3000	3000	6000	0.01	32.10387
matrix-matrix	3000	3000	3000	0.02	32.55927
matrix-matrix	3000	3000	6000	0.02	66.34806
matrix-matrix	3000	3000	3000	0.005	8.68432
matrix-matrix	3000	3000	6000	0.005	17.39759
matrix-matrix	3000	3000	3000	0.01	16.02682
matrix-matrix	3000	3000	6000	0.01	31.77411
matrix-matrix	3000	3000	3000	0.02	31.90342
matrix-matrix	3000	3000	6000	0.02	64.38667
matrix-matrix	4000	4000	4000	0.005	19.46157
matrix-matrix	4000	4000	8000	0.005	39.36830
matrix-matrix	4000	4000	4000	0.01	37.77709
matrix-matrix	4000	4000	8000	0.01	75.27621
matrix-matrix	4000	4000	4000	0.02	77.47049
matrix-matrix	4000	4000	8000	0.02	156.06248
matrix-matrix	4000	4000	4000	0.005	19.23949
matrix-matrix	4000	4000	8000	0.005	39.17393
matrix-matrix	4000	4000	4000	0.01	37.29143
matrix-matrix	4000	4000	8000	0.01	75.63208
matrix-matrix	4000	4000	4000	0.02	78.56693
matrix-matrix	4000	4000	8000	0.02	157.69346
matrix-matrix	4000	4000	4000	0.005	19.41728
matrix-matrix	4000	4000	8000	0.005	39.29468
matrix-matrix	4000	4000	4000	0.01	37.21236
matrix-matrix	4000	4000	8000	0.01	77.56657
matrix-matrix	4000	4000	4000	0.02	79.55208
matrix-matrix	4000	4000	8000	0.02	156.87125
matrix-matrix	4000	4000	4000	0.005	19.76704
matrix-matrix	4000	4000	8000	0.005	39.04331
matrix-matrix	4000	4000	4000	0.01	37.12568
matrix-matrix	4000	4000	8000	0.01	75.99250
matrix-matrix	4000	4000	4000	0.02	78.57091
matrix-matrix	4000	4000	8000	0.02	156.79133
matrix-matrix	4000	4000	4000	0.005	19.20130
matrix-matrix	4000	4000	8000	0.005	38.44887
matrix-matrix	4000	4000	4000	0.01	37.32897
matrix-matrix	4000	4000	8000	0.01	75.93269
matrix-matrix	4000	4000	4000	0.02	77.22732
matrix-matrix	4000	4000	8000	0.02	157.75518
matrix-matrix	4000	4000	4000	0.005	19.44765
matrix-matrix	4000	4000	8000	0.005	39.10008
matrix-matrix	4000	4000	4000	0.01	37.02432
matrix-matrix	4000	4000	8000	0.01	76.08942
matrix-matrix	4000	4000	4000	0.02	78.69002
matrix-matrix	4000	4000	8000	0.02	157.35892
matrix-matrix	4000	4000	4000	0.005	19.25411
matrix-matrix	4000	4000	8000	0.005	38.70315
matrix-matrix	4000	4000	4000	0.01	38.12758
matrix-matrix	4000	4000	8000	0.01	77.81798
matrix-matrix	4000	4000	4000	0.02	77.69442
matrix-matrix	4000	4000	8000	0.02	157.24393
matrix-matrix	4000	4000	4000	0.005	19.48158
matrix-matrix	4000	4000	8000	0.005	38.87462
matrix-matrix	4000	4000	4000	0.01	37.82136
matrix-matrix	4000	4000	8000	0.01	76.60213
matrix-matrix	4000	4000	4000	0.02	77.55180
matrix-matrix	4000	4000	8000	0.02	156.11390
matrix-matrix	4000	4000	4000	0.005	19.41371
matrix-matrix	4000	4000	8000	0.005	38.69578
matrix-matrix	4000	4000	4000	0.01	37.44146
matrix-matrix	4000	4000	8000	0.01	76.61786
matrix-matrix	4000	4000	4000	0.02	77.30298
matrix-matrix	4000	4000	8000	0.02	157.37621
matrix-matrix	4000	4000	4000	0.005	19.05198
matrix-matrix	4000	4000	8000	0.005	38.96723
matrix-matrix	4000	4000	4000	0.01	37.28061
matrix-matrix	4000	4000	8000	0.01	75.36741
matrix-matrix	4000	4000	4000	0.02	77.51318
matrix-matrix	4000	4000	8000	0.02	157.00714
matrix-matrix	5000	5000	5000	0.005	35.35209
matrix-matrix	5000	5000	10000	0.005	74.69934
matrix-matrix	5000	5000	5000	0.01	69.65096
matrix-matrix	5000	5000	10000	0.01	140.68306
matrix-matrix	5000	5000	5000	0.02	145.84236
matrix-matrix	5000	5000	10000	0.02	293.73404
matrix-matrix	5000	5000	5000	0.005	36.35122
matrix-matrix	5000	5000	10000	0.005	72.01132
matrix-matrix	5000	5000	5000	0.01	69.02083
matrix-matrix	5000	5000	10000	0.01	141.90856
matrix-matrix	5000	5000	5000	0.02	144.44042
matrix-matrix	5000	5000	10000	0.02	332.16690
matrix-matrix	5000	5000	5000	0.005	35.82486
matrix-matrix	5000	5000	10000	0.005	71.94325
matrix-matrix	5000	5000	5000	0.01	69.25060
matrix-matrix	5000	5000	10000	0.01	144.87881
matrix-matrix	5000	5000	5000	0.02	143.64127
matrix-matrix	5000	5000	10000	0.02	288.23177
matrix-matrix	5000	5000	5000	0.005	35.63062
matrix-matrix	5000	5000	10000	0.005	71.91174
matrix-matrix	5000	5000	5000	0.01	72.37872
matrix-matrix	5000	5000	10000	0.01	140.95822
matrix-matrix	5000	5000	5000	0.02	145.97831
matrix-matrix	5000	5000	10000	0.02	295.81253
matrix-matrix	5000	5000	5000	0.005	35.29257
matrix-matrix	5000	5000	10000	0.005	73.33941
matrix-matrix	5000	5000	5000	0.01	69.04811
matrix-matrix	5000	5000	10000	0.01	140.82636
matrix-matrix	5000	5000	5000	0.02	145.73750
matrix-matrix	5000	5000	10000	0.02	291.18873
matrix-matrix	5000	5000	5000	0.005	36.66617
matrix-matrix	5000	5000	10000	0.005	73.34625
matrix-matrix	5000	5000	5000	0.01	69.56628
matrix-matrix	5000	5000	10000	0.01	140.61009
matrix-matrix	5000	5000	5000	0.02	143.39813
matrix-matrix	5000	5000	10000	0.02	288.82494
matrix-matrix	5000	5000	5000	0.005	36.28941
matrix-matrix	5000	5000	10000	0.005	74.21317
matrix-matrix	5000	5000	5000	0.01	69.67641
matrix-matrix	5000	5000	10000	0.01	141.12652
matrix-matrix	5000	5000	5000	0.02	144.02508
matrix-matrix	5000	5000	10000	0.02	289.30791
matrix-matrix	5000	5000	5000	0.005	35.34096
matrix-matrix	5000	5000	10000	0.005	72.66690
matrix-matrix	5000	5000	5000	0.01	69.08432
matrix-matrix	5000	5000	10000	0.01	142.78920
matrix-matrix	5000	5000	5000	0.02	144.63618
matrix-matrix	5000	5000	10000	0.02	288.47186
matrix-matrix	5000	5000	5000	0.005	35.58400
matrix-matrix	5000	5000	10000	0.005	72.73838
matrix-matrix	5000	5000	5000	0.01	73.54166
matrix-matrix	5000	5000	10000	0.01	141.43519
matrix-matrix	5000	5000	5000	0.02	143.62067
matrix-matrix	5000	5000	10000	0.02	288.83711
matrix-matrix	5000	5000	5000	0.005	35.52308
matrix-matrix	5000	5000	10000	0.005	73.37502
matrix-matrix	5000	5000	5000	0.01	69.39318
matrix-matrix	5000	5000	10000	0.01	141.36643
matrix-matrix	5000	5000	5000	0.02	149.50878
matrix-matrix	5000	5000	10000	0.02	289.46913
matrix-matrix	6000	6000	6000	0.005	61.29093
matrix-matrix	6000	6000	12000	0.005	121.95253
matrix-matrix	6000	6000	6000	0.01	119.62584
matrix-matrix	6000	6000	12000	0.01	239.45546
matrix-matrix	6000	6000	6000	0.02	252.70177
matrix-matrix	6000	6000	12000	0.02	505.19349
matrix-matrix	6000	6000	6000	0.005	60.14507
matrix-matrix	6000	6000	12000	0.005	123.42187
matrix-matrix	6000	6000	6000	0.01	119.43677
matrix-matrix	6000	6000	12000	0.01	239.86718
matrix-matrix	6000	6000	6000	0.02	251.37822
matrix-matrix	6000	6000	12000	0.02	511.69382
matrix-matrix	6000	6000	6000	0.005	61.94763
matrix-matrix	6000	6000	12000	0.005	121.04255
matrix-matrix	6000	6000	6000	0.01	119.43673
matrix-matrix	6000	6000	12000	0.01	243.03118
matrix-matrix	6000	6000	6000	0.02	251.29831
matrix-matrix	6000	6000	12000	0.02	507.08413
matrix-matrix	6000	6000	6000	0.005	60.39462
matrix-matrix	6000	6000	12000	0.005	122.03836
matrix-matrix	6000	6000	6000	0.01	121.38471
matrix-matrix	6000	6000	12000	0.01	242.63706
matrix-matrix	6000	6000	6000	0.02	253.79591
matrix-matrix	6000	6000	12000	0.02	511.74717
matrix-matrix	6000	6000	6000	0.005	60.76819
matrix-matrix	6000	6000	12000	0.005	121.76211
matrix-matrix	6000	6000	6000	0.01	119.78798
matrix-matrix	6000	6000	12000	0.01	246.23769
matrix-matrix	6000	6000	6000	0.02	251.79708
matrix-matrix	6000	6000	12000	0.02	509.65869
matrix-matrix	6000	6000	6000	0.005	59.97144
matrix-matrix	6000	6000	12000	0.005	121.48972
matrix-matrix	6000	6000	6000	0.01	121.49392
matrix-matrix	6000	6000	12000	0.01	241.20169
matrix-matrix	6000	6000	6000	0.02	256.80950
matrix-matrix	6000	6000	12000	0.02	503.80033
matrix-matrix	6000	6000	6000	0.005	60.85024
matrix-matrix	6000	6000	12000	0.005	126.77253
matrix-matrix	6000	6000	6000	0.01	119.14114
matrix-matrix	6000	6000	12000	0.01	241.03004
matrix-matrix	6000	6000	6000	0.02	258.37315
matrix-matrix	6000	6000	12000	0.02	511.04051
matrix-matrix	6000	6000	6000	0.005	62.38205
matrix-matrix	6000	6000	12000	0.005	121.20117
matrix-matrix	6000	6000	6000	0.01	119.29347
matrix-matrix	6000	6000	12000	0.01	243.36137
matrix-matrix	6000	6000	6000	0.02	251.83485
matrix-matrix	6000	6000	12000	0.02	503.17166
matrix-matrix	6000	6000	6000	0.005	60.15547
matrix-matrix	6000	6000	12000	0.005	121.68359
matrix-matrix	6000	6000	6000	0.01	119.97767
matrix-matrix	6000	6000	12000	0.01	244.64960
matrix-matrix	6000	6000	6000	0.02	252.10257
matrix-matrix	6000	6000	12000	0.02	504.44422
matrix-matrix	6000	6000	6000	0.005	62.51240
matrix-matrix	6000	6000	12000	0.005	121.01167
matrix-matrix	6000	6000	6000	0.01	119.92598
matrix-matrix	6000	6000	12000	0.01	241.94360
matrix-matrix	6000	6000	6000	0.02	251.38914
matrix-matrix	6000	6000	12000	0.02	511.92443
matrix-matrix	7000	7000	7000	0.005	97.07039
matrix-matrix	7000	7000	14000	0.005	194.88305
matrix-matrix	7000	7000	7000	0.01	193.17334
matrix-matrix	7000	7000	14000	0.01	388.85618
matrix-matrix	7000	7000	7000	0.02	406.03300
matrix-matrix	7000	7000	14000	0.02	821.69403
matrix-matrix	7000	7000	7000	0.005	98.13061
matrix-matrix	7000	7000	14000	0.005	195.06991
matrix-matrix	7000	7000	7000	0.01	195.38926
matrix-matrix	7000	7000	14000	0.01	391.49504
matrix-matrix	7000	7000	7000	0.02	407.67287
matrix-matrix	7000	7000	14000	0.02	812.64168
matrix-matrix	7000	7000	7000	0.005	96.34017
matrix-matrix	7000	7000	14000	0.005	194.05000
matrix-matrix	7000	7000	7000	0.01	193.91424
matrix-matrix	7000	7000	14000	0.01	387.38259
matrix-matrix	7000	7000	7000	0.02	413.02057
matrix-matrix	7000	7000	14000	0.02	813.19846
matrix-matrix	7000	7000	7000	0.005	97.34412
matrix-matrix	7000	7000	14000	0.005	196.91710
matrix-matrix	7000	7000	7000	0.01	199.25184
matrix-matrix	7000	7000	14000	0.01	395.21156
matrix-matrix	7000	7000	7000	0.02	408.97614
matrix-matrix	7000	7000	14000	0.02	820.66473
matrix-matrix	7000	7000	7000	0.005	96.57537
matrix-matrix	7000	7000	14000	0.005	195.65677
matrix-matrix	7000	7000	7000	0.01	196.39112
matrix-matrix	7000	7000	14000	0.01	388.31219
matrix-matrix	7000	7000	7000	0.02	411.66150
matrix-matrix	7000	7000	14000	0.02	812.32423
matrix-matrix	7000	7000	7000	0.005	96.57871
matrix-matrix	7000	7000	14000	0.005	199.93689
matrix-matrix	7000	7000	7000	0.01	198.40503
matrix-matrix	7000	7000	14000	0.01	390.13513
matrix-matrix	7000	7000	7000	0.02	406.25725
matrix-matrix	7000	7000	14000	0.02	818.44023
matrix-matrix	7000	7000	7000	0.005	97.17946
matrix-matrix	7000	7000	14000	0.005	195.42799
matrix-matrix	7000	7000	7000	0.01	194.22992
matrix-matrix	7000	7000	14000	0.01	388.62752
matrix-matrix	7000	7000	7000	0.02	405.47252
matrix-matrix	7000	7000	14000	0.02	813.60648
matrix-matrix	7000	7000	7000	0.005	95.17808
matrix-matrix	7000	7000	14000	0.005	194.25913
matrix-matrix	7000	7000	7000	0.01	192.60712
matrix-matrix	7000	7000	14000	0.01	384.73818
matrix-matrix	7000	7000	7000	0.02	402.65115
matrix-matrix	7000	7000	14000	0.02	804.53478
matrix-matrix	7000	7000	7000	0.005	95.18631
matrix-matrix	7000	7000	14000	0.005	192.24540
matrix-matrix	7000	7000	7000	0.01	191.59632
matrix-matrix	7000	7000	14000	0.01	385.52720
matrix-matrix	7000	7000	7000	0.02	403.04866
matrix-matrix	7000	7000	14000	0.02	804.99719
matrix-matrix	7000	7000	7000	0.005	95.44072
matrix-matrix	7000	7000	14000	0.005	192.94974
matrix-matrix	7000	7000	7000	0.01	192.57141
matrix-matrix	7000	7000	14000	0.01	385.37142
matrix-matrix	7000	7000	7000	0.02	402.68380
matrix-matrix	7000	7000	14000	0.02	809.44203
matrix-matrix	8000	8000	8000	0.005	143.95065
matrix-matrix	8000	8000	16000	0.005	289.53302
matrix-matrix	8000	8000	8000	0.01	287.34485
matrix-matrix	8000	8000	16000	0.01	578.20234
matrix-matrix	8000	8000	8000	0.02	661.69718
matrix-matrix	8000	8000	16000	0.02	1208.04668
matrix-matrix	8000	8000	8000	0.005	143.49100
matrix-matrix	8000	8000	16000	0.005	297.45556
matrix-matrix	8000	8000	8000	0.01	285.83633
matrix-matrix	8000	8000	16000	0.01	583.78863
matrix-matrix	8000	8000	8000	0.02	601.83133
matrix-matrix	8000	8000	16000	0.02	1202.80635
matrix-matrix	8000	8000	8000	0.005	144.01436
matrix-matrix	8000	8000	16000	0.005	286.32953
matrix-matrix	8000	8000	8000	0.01	287.25416
matrix-matrix	8000	8000	16000	0.01	575.20759
matrix-matrix	8000	8000	8000	0.02	602.50123
matrix-matrix	8000	8000	16000	0.02	1195.21072
matrix-matrix	8000	8000	8000	0.005	142.12374
matrix-matrix	8000	8000	16000	0.005	286.01044
matrix-matrix	8000	8000	8000	0.01	290.43561
matrix-matrix	8000	8000	16000	0.01	577.04849
matrix-matrix	8000	8000	8000	0.02	602.33230
matrix-matrix	8000	8000	16000	0.02	1200.66406
matrix-matrix	8000	8000	8000	0.005	141.95556
matrix-matrix	8000	8000	16000	0.005	288.18189
matrix-matrix	8000	8000	8000	0.01	287.84985
matrix-matrix	8000	8000	16000	0.01	577.49867
matrix-matrix	8000	8000	8000	0.02	598.09677
matrix-matrix	8000	8000	16000	0.02	1199.01781
matrix-matrix	8000	8000	8000	0.005	141.34099
matrix-matrix	8000	8000	16000	0.005	290.36257
matrix-matrix	8000	8000	8000	0.01	290.37805
matrix-matrix	8000	8000	16000	0.01	577.11007
matrix-matrix	8000	8000	8000	0.02	600.85291
matrix-matrix	8000	8000	16000	0.02	1191.43503
matrix-matrix	8000	8000	8000	0.005	141.99975
matrix-matrix	8000	8000	16000	0.005	289.98869
matrix-matrix	8000	8000	8000	0.01	287.00294
matrix-matrix	8000	8000	16000	0.01	577.95605
matrix-matrix	8000	8000	8000	0.02	596.22885
matrix-matrix	8000	8000	16000	0.02	1234.02094
matrix-matrix	8000	8000	8000	0.005	141.73349
matrix-matrix	8000	8000	16000	0.005	286.24211
matrix-matrix	8000	8000	8000	0.01	298.36433
matrix-matrix	8000	8000	16000	0.01	591.17628
matrix-matrix	8000	8000	8000	0.02	596.83473
matrix-matrix	8000	8000	16000	0.02	1212.08695
matrix-matrix	8000	8000	8000	0.005	142.28008
matrix-matrix	8000	8000	16000	0.005	288.24555
matrix-matrix	8000	8000	8000	0.01	288.60878
matrix-matrix	8000	8000	16000	0.01	578.95563
matrix-matrix	8000	8000	8000	0.02	596.67144
matrix-matrix	8000	8000	16000	0.02	1191.82921
matrix-matrix	8000	8000	8000	0.005	147.61099
matrix-matrix	8000	8000	16000	0.005	299.56894
matrix-matrix	8000	8000	8000	0.01	295.69136
matrix-matrix	8000	8000	16000	0.01	598.14043
matrix-matrix	8000	8000	8000	0.02	611.74298
matrix-matrix	8000	8000	16000	0.02	1233.00051
inner_product	1000	1	0.005	0.00009
outer_product	1	1000	0.005	0.00011
inner_product	1000	1	0.01	0.00010
outer_product	1	1000	0.01	0.00011
inner_product	1000	1	0.02	0.00010
outer_product	1	1000	0.02	0.00018
inner_product	1000	1	0.005	0.00009
outer_product	1	1000	0.005	0.00011
inner_product	1000	1	0.01	0.00009
outer_product	1	1000	0.01	0.00010
inner_product	1000	1	0.02	0.00009
outer_product	1	1000	0.02	0.00018
inner_product	1000	1	0.005	0.00009
outer_product	1	1000	0.005	0.00009
inner_product	1000	1	0.01	0.00009
outer_product	1	1000	0.01	0.00010
inner_product	1000	1	0.02	0.00009
outer_product	1	1000	0.02	0.00019
inner_product	1000	1	0.005	0.00010
outer_product	1	1000	0.005	0.00009
inner_product	1000	1	0.01	0.00009
outer_product	1	1000	0.01	0.00011
inner_product	1000	1	0.02	0.00009
outer_product	1	1000	0.02	0.00017
inner_product	1000	1	0.005	0.00009
outer_product	1	1000	0.005	0.00010
inner_product	1000	1	0.01	0.00009
outer_product	1	1000	0.01	0.00011
inner_product	1000	1	0.02	0.00010
outer_product	1	1000	0.02	0.00019
inner_product	1000	1	0.005	0.00009
outer_product	1	1000	0.005	0.00009
inner_product	1000	1	0.01	0.00009
outer_product	1	1000	0.01	0.00013
inner_product	1000	1	0.02	0.00010
outer_product	1	1000	0.02	0.00017
inner_product	1000	1	0.005	0.00009
outer_product	1	1000	0.005	0.00010
inner_product	1000	1	0.01	0.00009
outer_product	1	1000	0.01	0.00010
inner_product	1000	1	0.02	0.00010
outer_product	1	1000	0.02	0.00018
inner_product	1000	1	0.005	0.00009
outer_product	1	1000	0.005	0.00010
inner_product	1000	1	0.01	0.00009
outer_product	1	1000	0.01	0.00011
inner_product	1000	1	0.02	0.00009
outer_product	1	1000	0.02	0.00017
inner_product	1000	1	0.005	0.00010
outer_product	1	1000	0.005	0.00011
inner_product	1000	1	0.01	0.00009
outer_product	1	1000	0.01	0.00010
inner_product	1000	1	0.02	0.00009
outer_product	1	1000	0.02	0.00020
inner_product	1000	1	0.005	0.00009
outer_product	1	1000	0.005	0.00010
inner_product	1000	1	0.01	0.00009
outer_product	1	1000	0.01	0.00010
inner_product	1000	1	0.02	0.00010
outer_product	1	1000	0.02	0.00018
inner_product	2000	1	0.005	0.00020
outer_product	1	2000	0.005	0.00018
inner_product	2000	1	0.01	0.00020
outer_product	1	2000	0.01	0.00023
inner_product	2000	1	0.02	0.00020
outer_product	1	2000	0.02	0.00048
inner_product	2000	1	0.005	0.00019
outer_product	1	2000	0.005	0.00016
inner_product	2000	1	0.01	0.00019
outer_product	1	2000	0.01	0.00023
inner_product	2000	1	0.02	0.00019
outer_product	1	2000	0.02	0.00047
inner_product	2000	1	0.005	0.00020
outer_product	1	2000	0.005	0.00017
inner_product	2000	1	0.01	0.00019
outer_product	1	2000	0.01	0.00025
inner_product	2000	1	0.02	0.00019
outer_product	1	2000	0.02	0.00053
inner_product	2000	1	0.005	0.00019
outer_product	1	2000	0.005	0.00016
inner_product	2000	1	0.01	0.00019
outer_product	1	2000	0.01	0.00024
inner_product	2000	1	0.02	0.00019
outer_product	1	2000	0.02	0.00048
inner_product	2000	1	0.005	0.00018
outer_product	1	2000	0.005	0.00017
inner_product	2000	1	0.01	0.00022
outer_product	1	2000	0.01	0.00023
inner_product	2000	1	0.02	0.00019
outer_product	1	2000	0.02	0.00048
inner_product	2000	1	0.005	0.00020
outer_product	1	2000	0.005	0.00017
inner_product	2000	1	0.01	0.00019
outer_product	1	2000	0.01	0.00023
inner_product	2000	1	0.02	0.00019
outer_product	1	2000	0.02	0.00047
inner_product	2000	1	0.005	0.00018
outer_product	1	2000	0.005	0.00016
inner_product	2000	1	0.01	0.00019
outer_product	1	2000	0.01	0.00024
inner_product	2000	1	0.02	0.00019
outer_product	1	2000	0.02	0.00051
inner_product	2000	1	0.005	0.00019
outer_product	1	2000	0.005	0.00016
inner_product	2000	1	0.01	0.00020
outer_product	1	2000	0.01	0.00023
inner_product	2000	1	0.02	0.00018
outer_product	1	2000	0.02	0.00208
inner_product	2000	1	0.005	0.00019
outer_product	1	2000	0.005	0.00016
inner_product	2000	1	0.01	0.00019
outer_product	1	2000	0.01	0.00024
inner_product	2000	1	0.02	0.00020
outer_product	1	2000	0.02	0.00048
inner_product	2000	1	0.005	0.00024
outer_product	1	2000	0.005	0.00016
inner_product	2000	1	0.01	0.00019
outer_product	1	2000	0.01	0.00024
inner_product	2000	1	0.02	0.00020
outer_product	1	2000	0.02	0.00047
inner_product	3000	1	0.005	0.00028
outer_product	1	3000	0.005	0.00024
inner_product	3000	1	0.01	0.00029
outer_product	1	3000	0.01	0.00041
inner_product	3000	1	0.02	0.00031
outer_product	1	3000	0.02	0.00094
inner_product	3000	1	0.005	0.00028
outer_product	1	3000	0.005	0.00023
inner_product	3000	1	0.01	0.00028
outer_product	1	3000	0.01	0.00040
inner_product	3000	1	0.02	0.00029
outer_product	1	3000	0.02	0.00094
inner_product	3000	1	0.005	0.00027
outer_product	1	3000	0.005	0.00023
inner_product	3000	1	0.01	0.00030
outer_product	1	3000	0.01	0.00040
inner_product	3000	1	0.02	0.00029
outer_product	1	3000	0.02	0.00098
inner_product	3000	1	0.005	0.00028
outer_product	1	3000	0.005	0.00023
inner_product	3000	1	0.01	0.00028
outer_product	1	3000	0.01	0.00041
inner_product	3000	1	0.02	0.00028
outer_product	1	3000	0.02	0.00092
inner_product	3000	1	0.005	0.00027
outer_product	1	3000	0.005	0.00023
inner_product	3000	1	0.01	0.00029
outer_product	1	3000	0.01	0.00041
inner_product	3000	1	0.02	0.00028
outer_product	1	3000	0.02	0.00095
inner_product	3000	1	0.005	0.00028
outer_product	1	3000	0.005	0.00024
inner_product	3000	1	0.01	0.00028
outer_product	1	3000	0.01	0.00041
inner_product	3000	1	0.02	0.00033
outer_product	1	3000	0.02	0.00100
inner_product	3000	1	0.005	0.00028
outer_product	1	3000	0.005	0.00023
inner_product	3000	1	0.01	0.00029
outer_product	1	3000	0.01	0.00040
inner_product	3000	1	0.02	0.00028
outer_product	1	3000	0.02	0.00094
inner_product	3000	1	0.005	0.00028
outer_product	1	3000	0.005	0.00023
inner_product	3000	1	0.01	0.00029
outer_product	1	3000	0.01	0.00041
inner_product	3000	1	0.02	0.00029
outer_product	1	3000	0.02	0.00100
inner_product	3000	1	0.005	0.00028
outer_product	1	3000	0.005	0.00023
inner_product	3000	1	0.01	0.00028
outer_product	1	3000	0.01	0.00041
inner_product	3000	1	0.02	0.00029
outer_product	1	3000	0.02	0.00095
inner_product	3000	1	0.005	0.00028
outer_product	1	3000	0.005	0.00028
inner_product	3000	1	0.01	0.00028
outer_product	1	3000	0.01	0.00044
inner_product	3000	1	0.02	0.00028
outer_product	1	3000	0.02	0.00094
inner_product	4000	1	0.005	0.00038
outer_product	1	4000	0.005	0.00041
inner_product	4000	1	0.01	0.00038
outer_product	1	4000	0.01	0.00064
inner_product	4000	1	0.02	0.00041
outer_product	1	4000	0.02	0.00155
inner_product	4000	1	0.005	0.00037
outer_product	1	4000	0.005	0.00037
inner_product	4000	1	0.01	0.00038
outer_product	1	4000	0.01	0.00066
inner_product	4000	1	0.02	0.00039
outer_product	1	4000	0.02	0.00155
inner_product	4000	1	0.005	0.00038
outer_product	1	4000	0.005	0.00038
inner_product	4000	1	0.01	0.00038
outer_product	1	4000	0.01	0.00064
inner_product	4000	1	0.02	0.00037
outer_product	1	4000	0.02	0.00161
inner_product	4000	1	0.005	0.00038
outer_product	1	4000	0.005	0.00037
inner_product	4000	1	0.01	0.00038
outer_product	1	4000	0.01	0.00063
inner_product	4000	1	0.02	0.00038
outer_product	1	4000	0.02	0.00155
inner_product	4000	1	0.005	0.00041
outer_product	1	4000	0.005	0.00038
inner_product	4000	1	0.01	0.00038
outer_product	1	4000	0.01	0.00062
inner_product	4000	1	0.02	0.00038
outer_product	1	4000	0.02	0.00155
inner_product	4000	1	0.005	0.00038
outer_product	1	4000	0.005	0.00038
inner_product	4000	1	0.01	0.00037
outer_product	1	4000	0.01	0.00063
inner_product	4000	1	0.02	0.00038
outer_product	1	4000	0.02	0.00160
inner_product	4000	1	0.005	0.00037
outer_product	1	4000	0.005	0.00039
inner_product	4000	1	0.01	0.00037
outer_product	1	4000	0.01	0.00062
inner_product	4000	1	0.02	0.00039
outer_product	1	4000	0.02	0.00157
inner_product	4000	1	0.005	0.00038
outer_product	1	4000	0.005	0.00038
inner_product	4000	1	0.01	0.00040
outer_product	1	4000	0.01	0.00064
inner_product	4000	1	0.02	0.00038
outer_product	1	4000	0.02	0.00163
inner_product	4000	1	0.005	0.00038
outer_product	1	4000	0.005	0.00037
inner_product	4000	1	0.01	0.00041
outer_product	1	4000	0.01	0.00064
inner_product	4000	1	0.02	0.00039
outer_product	1	4000	0.02	0.00155
inner_product	4000	1	0.005	0.00037
outer_product	1	4000	0.005	0.00039
inner_product	4000	1	0.01	0.00038
outer_product	1	4000	0.01	0.00062
inner_product	4000	1	0.02	0.00039
outer_product	1	4000	0.02	0.00158
inner_product	5000	1	0.005	0.00049
outer_product	1	5000	0.005	0.00050
inner_product	5000	1	0.01	0.00046
outer_product	1	5000	0.01	0.00088
inner_product	5000	1	0.02	0.00049
outer_product	1	5000	0.02	0.00234
inner_product	5000	1	0.005	0.00047
outer_product	1	5000	0.005	0.00052
inner_product	5000	1	0.01	0.00046
outer_product	1	5000	0.01	0.00087
inner_product	5000	1	0.02	0.00049
outer_product	1	5000	0.02	0.00232
inner_product	5000	1	0.005	0.00047
outer_product	1	5000	0.005	0.00050
inner_product	5000	1	0.01	0.00047
outer_product	1	5000	0.01	0.00086
inner_product	5000	1	0.02	0.00047
outer_product	1	5000	0.02	0.00243
inner_product	5000	1	0.005	0.00047
outer_product	1	5000	0.005	0.00053
inner_product	5000	1	0.01	0.00049
outer_product	1	5000	0.01	0.00087
inner_product	5000	1	0.02	0.00046
outer_product	1	5000	0.02	0.00234
inner_product	5000	1	0.005	0.00046
outer_product	1	5000	0.005	0.00052
inner_product	5000	1	0.01	0.00048
outer_product	1	5000	0.01	0.00084
inner_product	5000	1	0.02	0.00048
outer_product	1	5000	0.02	0.00235
inner_product	5000	1	0.005	0.00047
outer_product	1	5000	0.005	0.00051
inner_product	5000	1	0.01	0.00048
outer_product	1	5000	0.01	0.00087
inner_product	5000	1	0.02	0.00048
outer_product	1	5000	0.02	0.00241
inner_product	5000	1	0.005	0.00047
outer_product	1	5000	0.005	0.00053
inner_product	5000	1	0.01	0.00047
outer_product	1	5000	0.01	0.00086
inner_product	5000	1	0.02	0.00046
outer_product	1	5000	0.02	0.00230
inner_product	5000	1	0.005	0.00046
outer_product	1	5000	0.005	0.00050
inner_product	5000	1	0.01	0.00046
outer_product	1	5000	0.01	0.00086
inner_product	5000	1	0.02	0.00048
outer_product	1	5000	0.02	0.00228
inner_product	5000	1	0.005	0.00048
outer_product	1	5000	0.005	0.00050
inner_product	5000	1	0.01	0.00048
outer_product	1	5000	0.01	0.00085
inner_product	5000	1	0.02	0.00048
outer_product	1	5000	0.02	0.00235
inner_product	5000	1	0.005	0.00047
outer_product	1	5000	0.005	0.00046
inner_product	5000	1	0.01	0.00047
outer_product	1	5000	0.01	0.00096
inner_product	5000	1	0.02	0.00048
outer_product	1	5000	0.02	0.00229
inner_product	6000	1	0.005	0.00055
outer_product	1	6000	0.005	0.00064
inner_product	6000	1	0.01	0.00056
outer_product	1	6000	0.01	0.00119
inner_product	6000	1	0.02	0.00060
outer_product	1	6000	0.02	0.00328
inner_product	6000	1	0.005	0.00057
outer_product	1	6000	0.005	0.00068
inner_product	6000	1	0.01	0.00058
outer_product	1	6000	0.01	0.00115
inner_product	6000	1	0.02	0.00056
outer_product	1	6000	0.02	0.00322
inner_product	6000	1	0.005	0.00055
outer_product	1	6000	0.005	0.00063
inner_product	6000	1	0.01	0.00057
outer_product	1	6000	0.01	0.00117
inner_product	6000	1	0.02	0.00056
outer_product	1	6000	0.02	0.00320
inner_product	6000	1	0.005	0.00055
outer_product	1	6000	0.005	0.00065
inner_product	6000	1	0.01	0.00057
outer_product	1	6000	0.01	0.00126
inner_product	6000	1	0.02	0.00056
outer_product	1	6000	0.02	0.00324
inner_product	6000	1	0.005	0.00059
outer_product	1	6000	0.005	0.00068
inner_product	6000	1	0.01	0.00057
outer_product	1	6000	0.01	0.00119
inner_product	6000	1	0.02	0.00056
outer_product	1	6000	0.02	0.00321
inner_product	6000	1	0.005	0.00058
outer_product	1	6000	0.005	0.00066
inner_product	6000	1	0.01	0.00057
outer_product	1	6000	0.01	0.00119
inner_product	6000	1	0.02	0.00058
outer_product	1	6000	0.02	0.00334
inner_product	6000	1	0.005	0.00055
outer_product	1	6000	0.005	0.00063
inner_product	6000	1	0.01	0.00055
outer_product	1	6000	0.01	0.00116
inner_product	6000	1	0.02	0.00064
outer_product	1	6000	0.02	0.00327
inner_product	6000	1	0.005	0.00061
outer_product	1	6000	0.005	0.00068
inner_product	6000	1	0.01	0.00059
outer_product	1	6000	0.01	0.00113
inner_product	6000	1	0.02	0.00055
outer_product	1	6000	0.02	0.00327
inner_product	6000	1	0.005	0.00056
outer_product	1	6000	0.005	0.00063
inner_product	6000	1	0.01	0.00057
outer_product	1	6000	0.01	0.00118
inner_product	6000	1	0.02	0.00056
outer_product	1	6000	0.02	0.00321
inner_product	6000	1	0.005	0.00055
outer_product	1	6000	0.005	0.00066
inner_product	6000	1	0.01	0.00057
outer_product	1	6000	0.01	0.00117
inner_product	6000	1	0.02	0.00064
outer_product	1	6000	0.02	0.00323
inner_product	7000	1	0.005	0.00068
outer_product	1	7000	0.005	0.00079
inner_product	7000	1	0.01	0.00068
outer_product	1	7000	0.01	0.00148
inner_product	7000	1	0.02	0.00067
outer_product	1	7000	0.02	0.00425
inner_product	7000	1	0.005	0.00064
outer_product	1	7000	0.005	0.00078
inner_product	7000	1	0.01	0.00064
outer_product	1	7000	0.01	0.00154
inner_product	7000	1	0.02	0.00077
outer_product	1	7000	0.02	0.00429
inner_product	7000	1	0.005	0.00066
outer_product	1	7000	0.005	0.00080
inner_product	7000	1	0.01	0.00067
outer_product	1	7000	0.01	0.00152
inner_product	7000	1	0.02	0.00067
outer_product	1	7000	0.02	0.00425
inner_product	7000	1	0.005	0.00064
outer_product	1	7000	0.005	0.00082
inner_product	7000	1	0.01	0.00065
outer_product	1	7000	0.01	0.00157
inner_product	7000	1	0.02	0.00067
outer_product	1	7000	0.02	0.00431
inner_product	7000	1	0.005	0.00067
outer_product	1	7000	0.005	0.00079
inner_product	7000	1	0.01	0.00076
outer_product	1	7000	0.01	0.00150
inner_product	7000	1	0.02	0.00065
outer_product	1	7000	0.02	0.00428
inner_product	7000	1	0.005	0.00064
outer_product	1	7000	0.005	0.00083
inner_product	7000	1	0.01	0.00066
outer_product	1	7000	0.01	0.00155
inner_product	7000	1	0.02	0.00068
outer_product	1	7000	0.02	0.00434
inner_product	7000	1	0.005	0.00066
outer_product	1	7000	0.005	0.00077
inner_product	7000	1	0.01	0.00064
outer_product	1	7000	0.01	0.00148
inner_product	7000	1	0.02	0.00071
outer_product	1	7000	0.02	0.00435
inner_product	7000	1	0.005	0.00065
outer_product	1	7000	0.005	0.00079
inner_product	7000	1	0.01	0.00065
outer_product	1	7000	0.01	0.00149
inner_product	7000	1	0.02	0.00065
outer_product	1	7000	0.02	0.00431
inner_product	7000	1	0.005	0.00064
outer_product	1	7000	0.005	0.00076
inner_product	7000	1	0.01	0.00071
outer_product	1	7000	0.01	0.00154
inner_product	7000	1	0.02	0.00069
outer_product	1	7000	0.02	0.00434
inner_product	7000	1	0.005	0.00064
outer_product	1	7000	0.005	0.00083
inner_product	7000	1	0.01	0.00064
outer_product	1	7000	0.01	0.00155
inner_product	7000	1	0.02	0.00067
outer_product	1	7000	0.02	0.00428
inner_product	8000	1	0.005	0.00081
outer_product	1	8000	0.005	0.00100
inner_product	8000	1	0.01	0.00075
outer_product	1	8000	0.01	0.00186
inner_product	8000	1	0.02	0.00076
outer_product	1	8000	0.02	0.00547
inner_product	8000	1	0.005	0.00075
outer_product	1	8000	0.005	0.00102
inner_product	8000	1	0.01	0.00074
outer_product	1	8000	0.01	0.00193
inner_product	8000	1	0.02	0.00078
outer_product	1	8000	0.02	0.00551
inner_product	8000	1	0.005	0.00077
outer_product	1	8000	0.005	0.00096
inner_product	8000	1	0.01	0.00078
outer_product	1	8000	0.01	0.00191
inner_product	8000	1	0.02	0.00079
outer_product	1	8000	0.02	0.00555
inner_product	8000	1	0.005	0.00073
outer_product	1	8000	0.005	0.00096
inner_product	8000	1	0.01	0.00077
outer_product	1	8000	0.01	0.00188
inner_product	8000	1	0.02	0.00077
outer_product	1	8000	0.02	0.00551
inner_product	8000	1	0.005	0.00079
outer_product	1	8000	0.005	0.00094
inner_product	8000	1	0.01	0.00073
outer_product	1	8000	0.01	0.00190
inner_product	8000	1	0.02	0.00078
outer_product	1	8000	0.02	0.00547
inner_product	8000	1	0.005	0.00075
outer_product	1	8000	0.005	0.00096
inner_product	8000	1	0.01	0.00077
outer_product	1	8000	0.01	0.00190
inner_product	8000	1	0.02	0.00080
outer_product	1	8000	0.02	0.00543
inner_product	8000	1	0.005	0.00074
outer_product	1	8000	0.005	0.00096
inner_product	8000	1	0.01	0.00074
outer_product	1	8000	0.01	0.00200
inner_product	8000	1	0.02	0.00077
outer_product	1	8000	0.02	0.00547
inner_product	8000	1	0.005	0.00075
outer_product	1	8000	0.005	0.00104
inner_product	8000	1	0.01	0.00075
outer_product	1	8000	0.01	0.00196
inner_product	8000	1	0.02	0.00077
outer_product	1	8000	0.02	0.00547
inner_product	8000	1	0.005	0.00073
outer_product	1	8000	0.005	0.00095
inner_product	8000	1	0.01	0.00077
outer_product	1	8000	0.01	0.00190
inner_product	8000	1	0.02	0.00075
outer_product	1	8000	0.02	0.00549
inner_product	8000	1	0.005	0.00080
outer_product	1	8000	0.005	0.00097
inner_product	8000	1	0.01	0.00077
outer_product	1	8000	0.01	0.00183
inner_product	8000	1	0.02	0.00081
outer_product	1	8000	0.02	0.00540
